<?xml version="1.0" encoding="utf-8"?>
<COLLADA xmlns="http://www.collada.org/2005/11/COLLADASchema" version="1.4.1">
  <asset><contributor><author>Mixamo</author><authoring_tool>COLLADA Mixamo exporter</authoring_tool><comments></comments></contributor><created>2018-10-29T12:43:03Z</created><modified>2018-10-29T12:43:03Z</modified><revision></revision><title></title><unit meter="0.010000"/><up_axis>Y_UP</up_axis></asset>
  <library_animations>
    <animation id="Hips-anim" name="Hips"><source id="Hips-Matrix-animation-input"><float_array id="Hips-Matrix-animation-input-array" count="140">

0.000000 0.033333 0.066667 0.100000 0.133333 0.166667 0.200000 0.233333 0.266667 0.300000 0.333333 0.366667 0.400000 0.433333 0.466667 0.500000
0.533333 0.566667 0.600000 0.633333 0.666667 0.700000 0.733333 0.766667 0.800000 0.833333 0.866667 0.900000 0.933333 0.966667 1.000000 1.033333
1.066667 1.100000 1.133333 1.166667 1.200000 1.233333 1.266667 1.300000 1.333333 1.366667 1.400000 1.433333 1.466667 1.500000 1.533333 1.566667
1.600000 1.633333 1.666667 1.700000 1.733333 1.766667 1.800000 1.833333 1.866667 1.900000 1.933333 1.966667 2.000000 2.033333 2.066667 2.100000
2.133333 2.166667 2.200000 2.233333 2.266667 2.300000 2.333333 2.366667 2.400000 2.433333 2.466667 2.500000 2.533333 2.566667 2.600000 2.633333
2.666667 2.700000 2.733333 2.766667 2.800000 2.833333 2.866667 2.900000 2.933333 2.966667 3.000000 3.033333 3.066667 3.100000 3.133333 3.166667
3.200000 3.233333 3.266667 3.300000 3.333333 3.366667 3.400000 3.433333 3.466667 3.500000 3.533333 3.566667 3.600000 3.633333 3.666667 3.700000
3.733333 3.766667 3.800000 3.833333 3.866667 3.900000 3.933333 3.966667 4.000000 4.033333 4.066667 4.100000 4.133333 4.166667 4.200000 4.233333
4.266667 4.300000 4.333333 4.366667 4.400000 4.433333 4.466667 4.500000 4.533333 4.566667 4.600000 4.633333</float_array><technique_common><accessor source="#Hips-Matrix-animation-input-array" count="140"><param name="TIME" type="float"/></accessor></technique_common></source><source id="Hips-Matrix-animation-output-transform"><float_array id="Hips-Matrix-animation-output-transform-array" count="2240">

0.952454 -0.037389 -0.302380 -0.007727 -0.020011 0.982623 -0.184531 91.608086 0.304025 0.181808 0.935155 0.258301 0.000000 0.000000 0.000000 1.000000
0.953351 -0.037924 -0.299471 -0.069377 -0.019678 0.982159 -0.187021 91.677711 0.301221 0.184189 0.935596 0.199815 0.000000 0.000000 0.000000 1.000000
0.953785 -0.044023 -0.297248 -0.208108 -0.016288 0.980181 -0.197431 91.743866 0.300048 0.193149 0.934165 -0.059560 0.000000 0.000000 0.000000 1.000000
0.954110 -0.055475 -0.294273 -0.422879 -0.011409 0.975244 -0.220839 91.709320 0.299239 0.214062 0.929857 -0.610718 0.000000 0.000000 0.000000 1.000000
0.954957 -0.069469 -0.288498 -0.701135 -0.007374 0.966356 -0.257101 91.511429 0.296652 0.247647 0.922317 -1.428971 0.000000 0.000000 0.000000 1.000000
0.957642 -0.081495 -0.276189 -1.043613 -0.006811 0.952440 -0.304650 91.055679 0.287881 0.293627 0.911541 -2.484025 0.000000 0.000000 0.000000 1.000000
0.962063 -0.088391 -0.258110 -1.419024 -0.009364 0.934808 -0.355029 90.304382 0.272665 0.343978 0.898517 -3.689712 0.000000 0.000000 0.000000 1.000000
0.966860 -0.092144 -0.238097 -1.801874 -0.012855 0.913845 -0.405860 89.221680 0.254982 0.395471 0.882376 -5.012115 0.000000 0.000000 0.000000 1.000000
0.971230 -0.094389 -0.218641 -2.196881 -0.016256 0.889681 -0.456293 87.824539 0.237590 0.446719 0.862550 -6.398741 0.000000 0.000000 0.000000 1.000000
0.974748 -0.095709 -0.201759 -2.611722 -0.018512 0.865754 -0.500128 86.242004 0.222541 0.491234 0.842119 -7.776258 0.000000 0.000000 0.000000 1.000000
0.977140 -0.097281 -0.189034 -3.077311 -0.018459 0.846986 -0.531295 84.640495 0.211794 0.522639 0.825828 -9.054409 0.000000 0.000000 0.000000 1.000000
0.978621 -0.100117 -0.179659 -3.635414 -0.015406 0.835389 -0.549443 83.163773 0.205094 0.540465 0.815987 -10.158946 0.000000 0.000000 0.000000 1.000000
0.979811 -0.102937 -0.171391 -4.282006 -0.009971 0.831039 -0.556125 81.976440 0.199679 0.546606 0.813235 -11.083943 0.000000 0.000000 0.000000 1.000000
0.981087 -0.102788 -0.164023 -4.997738 -0.005089 0.833371 -0.552690 81.279602 0.193502 0.543072 0.817086 -11.876094 0.000000 0.000000 0.000000 1.000000
0.982375 -0.097854 -0.159258 -5.791074 -0.003892 0.841123 -0.540829 81.237053 0.186878 0.531917 0.825918 -12.574849 0.000000 0.000000 0.000000 1.000000
0.983341 -0.088613 -0.158707 -6.674481 -0.006926 0.854220 -0.519865 81.854645 0.181637 0.512304 0.839376 -13.160635 0.000000 0.000000 0.000000 1.000000
0.983642 -0.076125 -0.163256 -7.627075 -0.012756 0.874601 -0.484676 82.963585 0.179680 0.478830 0.859323 -13.525248 0.000000 0.000000 0.000000 1.000000
0.983147 -0.061063 -0.172315 -8.575552 -0.019327 0.902568 -0.430114 84.355103 0.181791 0.426196 0.886177 -13.490753 0.000000 0.000000 0.000000 1.000000
0.981994 -0.045772 -0.183282 -9.420682 -0.023229 0.933583 -0.357608 85.904053 0.187477 0.355427 0.915710 -12.888249 0.000000 0.000000 0.000000 1.000000
0.980596 -0.033858 -0.193093 -10.103654 -0.020916 0.961281 -0.274775 87.538315 0.194920 0.273482 0.941920 -11.635181 0.000000 0.000000 0.000000 1.000000
0.979653 -0.024687 -0.199176 -10.655200 -0.013619 0.981942 -0.188693 89.221161 0.200238 0.187566 0.961626 -9.760116 0.000000 0.000000 0.000000 1.000000
0.979864 -0.014247 -0.199158 -11.173866 -0.006798 0.994492 -0.104593 90.887878 0.199551 0.103841 0.974370 -7.337828 0.000000 0.000000 0.000000 1.000000
0.980863 -0.002428 -0.194686 -11.754766 -0.003901 0.999476 -0.032120 92.414688 0.194662 0.032265 0.980339 -4.491821 0.000000 0.000000 0.000000 1.000000
0.981066 0.007411 -0.193532 -12.383351 -0.004504 0.999870 0.015454 93.657646 0.193621 -0.014290 0.980972 -1.434693 0.000000 0.000000 0.000000 1.000000
0.979416 0.014148 -0.201357 -12.870210 -0.007757 0.999442 0.032491 94.366417 0.201705 -0.030260 0.978979 1.642944 0.000000 0.000000 0.000000 1.000000
0.976235 0.016626 -0.216077 -13.202191 -0.010924 0.999560 0.027559 94.797211 0.216440 -0.024544 0.975987 4.556444 0.000000 0.000000 0.000000 1.000000
0.972155 0.013213 -0.233965 -13.343060 -0.009811 0.999829 0.015697 95.042839 0.234132 -0.012964 0.972118 7.246580 0.000000 0.000000 0.000000 1.000000
0.967392 0.004862 -0.253239 -13.247246 -0.003433 0.999976 0.006084 95.126213 0.253262 -0.005016 0.967385 9.660668 0.000000 0.000000 0.000000 1.000000
0.962354 -0.005399 -0.271745 -12.940128 0.005031 0.999985 -0.002053 95.116676 0.271752 0.000608 0.962367 11.764760 0.000000 0.000000 0.000000 1.000000
0.958262 -0.014608 -0.285517 -12.453909 0.011548 0.999856 -0.012400 95.071381 0.285657 0.008586 0.958293 13.641610 0.000000 0.000000 0.000000 1.000000
0.956702 -0.020043 -0.290377 -11.928617 0.013750 0.999625 -0.023697 94.838943 0.290743 0.018678 0.956619 15.294856 0.000000 0.000000 0.000000 1.000000
0.958784 -0.020111 -0.283422 -11.429254 0.011346 0.999406 -0.032535 94.575211 0.283908 0.027979 0.958443 16.690483 0.000000 0.000000 0.000000 1.000000
0.964815 -0.015060 -0.262499 -10.977876 0.004979 0.999226 -0.039027 94.433990 0.262883 0.036347 0.964143 17.672737 0.000000 0.000000 0.000000 1.000000
0.973503 -0.007394 -0.228556 -10.559885 -0.003419 0.998895 -0.046877 94.372490 0.228650 0.046416 0.972401 18.056805 0.000000 0.000000 0.000000 1.000000
0.981874 -0.000365 -0.189532 -10.102518 -0.011475 0.998049 -0.061366 94.407196 0.189185 0.062428 0.979955 17.765015 0.000000 0.000000 0.000000 1.000000
0.987541 0.003656 -0.157322 -9.479303 -0.017569 0.996041 -0.087137 94.649620 0.156380 0.088815 0.983696 16.767662 0.000000 0.000000 0.000000 1.000000
0.990246 0.004125 -0.139272 -8.431994 -0.021711 0.991921 -0.124987 95.064110 0.137632 0.126792 0.982335 15.076166 0.000000 0.000000 0.000000 1.000000
0.990573 0.000329 -0.136988 -7.314450 -0.023967 0.984990 -0.170941 94.583466 0.134875 0.172613 0.975712 12.291079 0.000000 0.000000 0.000000 1.000000
0.988609 -0.008051 -0.150290 -6.047871 -0.025265 0.975521 -0.218449 93.543671 0.148370 0.219758 0.964206 8.758900 0.000000 0.000000 0.000000 1.000000
0.984180 -0.020027 -0.176036 -4.656024 -0.026780 0.965358 -0.259550 92.215775 0.175136 0.260158 0.949550 4.896758 0.000000 0.000000 0.000000 1.000000
0.978053 -0.030772 -0.206070 -3.267086 -0.030369 0.957417 -0.287105 90.766281 0.206130 0.287063 0.935471 1.122098 0.000000 0.000000 0.000000 1.000000
0.971540 -0.036051 -0.234117 -2.048193 -0.037452 0.952541 -0.302098 89.360497 0.233897 0.302268 0.924081 -2.129264 0.000000 0.000000 0.000000 1.000000
0.965102 -0.040935 -0.258653 -1.273706 -0.045591 0.946359 -0.319884 88.175659 0.257873 0.320513 0.911467 -4.547251 0.000000 0.000000 0.000000 1.000000
0.958720 -0.045776 -0.280643 -0.834110 -0.061822 0.929793 -0.362853 87.232971 0.277550 0.365225 0.888581 -5.926365 0.000000 0.000000 0.000000 1.000000
0.954205 -0.050471 -0.294865 -0.588966 -0.089054 0.893056 -0.441045 86.333878 0.285590 0.447107 0.847664 -6.426859 0.000000 0.000000 0.000000 1.000000
0.952374 -0.059890 -0.298995 -0.477417 -0.117856 0.832034 -0.542061 85.391556 0.281238 0.551483 0.785348 -6.492461 0.000000 0.000000 0.000000 1.000000
0.951284 -0.081829 -0.297260 -0.554233 -0.135001 0.756249 -0.640205 84.275078 0.277189 0.649147 0.708360 -6.623672 0.000000 0.000000 0.000000 1.000000
0.950076 -0.115449 -0.289874 -0.763758 -0.134046 0.687905 -0.713315 82.965210 0.281758 0.716560 0.638087 -7.100216 0.000000 0.000000 0.000000 1.000000
0.949735 -0.146713 -0.276548 -0.964035 -0.119223 0.647305 -0.752849 81.565857 0.289464 0.747978 0.597277 -7.839237 0.000000 0.000000 0.000000 1.000000
0.950958 -0.162563 -0.263159 -1.097852 -0.102307 0.637586 -0.763556 80.324127 0.291912 0.753033 0.589686 -8.543346 0.000000 0.000000 0.000000 1.000000
0.952737 -0.164594 -0.255343 -1.243457 -0.092552 0.643298 -0.760001 79.492325 0.289353 0.747714 0.597660 -8.997340 0.000000 0.000000 0.000000 1.000000
0.953204 -0.166633 -0.252263 -1.496161 -0.088608 0.643779 -0.760064 79.136803 0.289053 0.746848 0.598887 -9.215269 0.000000 0.000000 0.000000 1.000000
0.951453 -0.178680 -0.250620 -1.860585 -0.083401 0.634123 -0.768721 79.104401 0.296279 0.752304 0.588437 -9.350379 0.000000 0.000000 0.000000 1.000000
0.947578 -0.195973 -0.252369 -2.276574 -0.075744 0.629547 -0.773262 79.188568 0.310416 0.751841 0.581701 -9.520568 0.000000 0.000000 0.000000 1.000000
0.942357 -0.206972 -0.262919 -2.721566 -0.070219 0.645928 -0.760162 79.274681 0.327159 0.734806 0.594161 -9.739712 0.000000 0.000000 0.000000 1.000000
0.937355 -0.206473 -0.280597 -3.233566 -0.068064 0.681381 -0.728757 79.356171 0.341662 0.702203 0.624643 -9.970945 0.000000 0.000000 0.000000 1.000000
0.933934 -0.198372 -0.297347 -3.849922 -0.066338 0.721224 -0.689518 79.481575 0.351235 0.663690 0.660416 -10.191175 0.000000 0.000000 0.000000 1.000000
0.932347 -0.188538 -0.308516 -4.570552 -0.063124 0.755297 -0.652336 79.692955 0.356011 0.627678 0.692297 -10.386013 0.000000 0.000000 0.000000 1.000000
0.931957 -0.178867 -0.315377 -5.359188 -0.058963 0.783492 -0.618598 80.002419 0.357742 0.595102 0.719635 -10.537037 0.000000 0.000000 0.000000 1.000000
0.931954 -0.168708 -0.320936 -6.177785 -0.054867 0.809338 -0.584775 80.390526 0.358402 0.562591 0.745009 -10.643165 0.000000 0.000000 0.000000 1.000000
0.931906 -0.158100 -0.326429 -7.014533 -0.050963 0.833990 -0.549421 80.844131 0.359102 0.528645 0.769143 -10.730783 0.000000 0.000000 0.000000 1.000000
0.931961 -0.147633 -0.331139 -7.845343 -0.046914 0.856555 -0.513919 81.333771 0.359510 0.494487 0.791350 -10.801388 0.000000 0.000000 0.000000 1.000000
0.932389 -0.137243 -0.334388 -8.650661 -0.042681 0.876837 -0.478890 81.826561 0.358928 0.460784 0.811695 -10.856213 0.000000 0.000000 0.000000 1.000000
0.933016 -0.127604 -0.336449 -9.397635 -0.037668 0.895239 -0.443991 82.348488 0.357858 0.426924 0.830466 -10.916338 0.000000 0.000000 0.000000 1.000000
0.932994 -0.120247 -0.339210 -10.066582 -0.031569 0.911553 -0.409968 82.893211 0.358505 0.393207 0.846677 -10.999810 0.000000 0.000000 0.000000 1.000000
0.931636 -0.115495 -0.344550 -10.644300 -0.025405 0.925129 -0.378802 83.398392 0.362503 0.361658 0.858950 -11.095490 0.000000 0.000000 0.000000 1.000000
0.929322 -0.111623 -0.351995 -11.112215 -0.020935 0.935760 -0.352016 83.814072 0.368676 0.334505 0.867286 -11.170671 0.000000 0.000000 0.000000 1.000000
0.926711 -0.106741 -0.360295 -11.449773 -0.019263 0.944053 -0.329230 84.149040 0.375280 0.312041 0.872809 -11.198216 0.000000 0.000000 0.000000 1.000000
0.923529 -0.100667 -0.370082 -11.647083 -0.020136 0.950881 -0.308901 84.439270 0.383000 0.292731 0.876139 -11.180470 0.000000 0.000000 0.000000 1.000000
0.919153 -0.094163 -0.382481 -11.707954 -0.022478 0.956885 -0.289595 84.709694 0.393260 0.274779 0.877407 -11.135704 0.000000 0.000000 0.000000 1.000000
0.913982 -0.087334 -0.396245 -11.638226 -0.025240 0.962433 -0.270344 84.968597 0.404969 0.257091 0.877442 -11.064425 0.000000 0.000000 0.000000 1.000000
0.909055 -0.080126 -0.408900 -11.446584 -0.028130 0.967296 -0.252084 85.221764 0.415726 0.240661 0.877072 -10.948011 0.000000 0.000000 0.000000 1.000000
0.904616 -0.073413 -0.419857 -11.155345 -0.031400 0.970900 -0.237417 85.481728 0.425069 0.227955 0.875987 -10.786179 0.000000 0.000000 0.000000 1.000000
0.900223 -0.067971 -0.430092 -10.789514 -0.034978 0.973261 -0.227025 85.760971 0.434023 0.219416 0.873774 -10.607908 0.000000 0.000000 0.000000 1.000000
0.895884 -0.063437 -0.439736 -10.356456 -0.038487 0.974952 -0.219060 86.060677 0.442618 0.213177 0.871002 -10.432668 0.000000 0.000000 0.000000 1.000000
0.891992 -0.059160 -0.448163 -9.842904 -0.041974 0.976278 -0.212416 86.370331 0.450098 0.208284 0.868349 -10.242944 0.000000 0.000000 0.000000 1.000000
0.888326 -0.055168 -0.455887 -9.234742 -0.045861 0.977136 -0.207609 86.678558 0.456917 0.205332 0.865486 -10.008886 0.000000 0.000000 0.000000 1.000000
0.884288 -0.051898 -0.464049 -8.532765 -0.049995 0.977568 -0.204600 86.986450 0.464258 0.204126 0.861857 -9.718308 0.000000 0.000000 0.000000 1.000000
0.880151 -0.049348 -0.472122 -7.747095 -0.053321 0.978009 -0.201629 87.305229 0.471690 0.202638 0.858165 -9.377012 0.000000 0.000000 0.000000 1.000000
0.876928 -0.046987 -0.478319 -6.890600 -0.055063 0.978835 -0.197104 87.634361 0.477456 0.199184 0.855781 -8.992257 0.000000 0.000000 0.000000 1.000000
0.875217 -0.044776 -0.481654 -5.974965 -0.055580 0.979804 -0.192081 87.948990 0.480527 0.194883 0.855053 -8.555109 0.000000 0.000000 0.000000 1.000000
0.874856 -0.043417 -0.482432 -5.008253 -0.055817 0.980304 -0.189445 88.214073 0.481155 0.192665 0.855202 -8.049778 0.000000 0.000000 0.000000 1.000000
0.875081 -0.043282 -0.482037 -4.005942 -0.056530 0.980035 -0.190621 88.406097 0.480663 0.194059 0.855163 -7.489486 0.000000 0.000000 0.000000 1.000000
0.875240 -0.044034 -0.481680 -2.996648 -0.057644 0.979254 -0.194264 88.520706 0.480241 0.197793 0.854545 -6.917422 0.000000 0.000000 0.000000 1.000000
0.875624 -0.044901 -0.480901 -2.007217 -0.058505 0.978478 -0.197884 88.566986 0.479437 0.201407 0.854152 -6.370286 0.000000 0.000000 0.000000 1.000000
0.877513 -0.044694 -0.477465 -1.056699 -0.058894 0.978067 -0.199793 88.557281 0.475922 0.203440 0.855634 -5.861716 0.000000 0.000000 0.000000 1.000000
0.882734 -0.042792 -0.467920 -0.158695 -0.058649 0.978022 -0.200083 88.510529 0.466198 0.204063 0.860824 -5.388405 0.000000 0.000000 0.000000 1.000000
0.892252 -0.040632 -0.449706 0.669224 -0.056870 0.977900 -0.201189 88.437035 0.447942 0.205086 0.870223 -4.940970 0.000000 0.000000 0.000000 1.000000
0.904375 -0.040304 -0.424832 1.386109 -0.053180 0.977125 -0.205908 88.338295 0.423413 0.208811 0.881544 -4.526771 0.000000 0.000000 0.000000 1.000000
0.915576 -0.040948 -0.400054 1.935554 -0.049191 0.975928 -0.212473 88.239418 0.399124 0.214215 0.891522 -4.189407 0.000000 0.000000 0.000000 1.000000
0.923869 -0.039945 -0.380618 2.290948 -0.046849 0.975254 -0.216066 88.171509 0.379830 0.217449 0.899136 -3.966187 0.000000 0.000000 0.000000 1.000000
0.930014 -0.036752 -0.365683 2.472492 -0.046222 0.975391 -0.215581 88.130768 0.364607 0.217396 0.905428 -3.838903 0.000000 0.000000 0.000000 1.000000
0.935494 -0.032791 -0.351817 2.511915 -0.046305 0.975721 -0.214067 88.097160 0.350295 0.216549 0.911263 -3.769746 0.000000 0.000000 0.000000 1.000000
0.940852 -0.029368 -0.337543 2.423373 -0.046424 0.975666 -0.214290 88.069183 0.335622 0.217285 0.916594 -3.747134 0.000000 0.000000 0.000000 1.000000
0.945815 -0.026849 -0.323595 2.203659 -0.046311 0.975233 -0.216275 88.062256 0.321388 0.219542 0.921147 -3.771083 0.000000 0.000000 0.000000 1.000000
0.950020 -0.025063 -0.311181 1.844653 -0.045813 0.974789 -0.218374 88.086807 0.308809 0.221716 0.924921 -3.830273 0.000000 0.000000 0.000000 1.000000
0.953428 -0.023729 -0.300685 1.346935 -0.044918 0.974614 -0.219340 88.134155 0.298257 0.222631 0.928159 -3.912744 0.000000 0.000000 0.000000 1.000000
0.956435 -0.022436 -0.291082 0.733381 -0.043814 0.974719 -0.219094 88.183891 0.288639 0.222303 0.931273 -4.022689 0.000000 0.000000 0.000000 1.000000
0.959552 -0.020881 -0.280756 0.041876 -0.042581 0.975009 -0.218046 88.230003 0.278292 0.221182 0.934683 -4.171224 0.000000 0.000000 0.000000 1.000000
0.962847 -0.019210 -0.269365 -0.704021 -0.041029 0.975482 -0.216223 88.284241 0.266914 0.219241 0.938451 -4.358502 0.000000 0.000000 0.000000 1.000000
0.966009 -0.017899 -0.257887 -1.502520 -0.038875 0.976198 -0.213371 88.356339 0.255568 0.216144 0.942320 -4.576563 0.000000 0.000000 0.000000 1.000000
0.968802 -0.017427 -0.247224 -2.350150 -0.035932 0.977109 -0.209684 88.441292 0.245219 0.212025 0.945998 -4.817329 0.000000 0.000000 0.000000 1.000000
0.971208 -0.018091 -0.237545 -3.228330 -0.032194 0.978000 -0.206107 88.521164 0.236048 0.207820 0.949259 -5.067770 0.000000 0.000000 0.000000 1.000000
0.973259 -0.019942 -0.228842 -4.106491 -0.027825 0.978653 -0.203625 88.590508 0.228018 0.204548 0.951929 -5.310031 0.000000 0.000000 0.000000 1.000000
0.974885 -0.022634 -0.221554 -4.957922 -0.023226 0.979065 -0.202217 88.664818 0.221493 0.202284 0.953951 -5.531520 0.000000 0.000000 0.000000 1.000000
0.975960 -0.025522 -0.216450 -5.772863 -0.018863 0.979503 -0.200546 88.758698 0.217132 0.199808 0.955474 -5.728255 0.000000 0.000000 0.000000 1.000000
0.976391 -0.028179 -0.214165 -6.549539 -0.014977 0.980238 -0.197256 88.874084 0.215491 0.195807 0.956673 -5.898604 0.000000 0.000000 0.000000 1.000000
0.976210 -0.030684 -0.214643 -7.276845 -0.011514 0.981203 -0.192634 89.006981 0.216520 0.190523 0.957507 -6.037277 0.000000 0.000000 0.000000 1.000000
0.975730 -0.033703 -0.216366 -7.930614 -0.007799 0.982108 -0.188155 89.150894 0.218836 0.185276 0.958010 -6.136562 0.000000 0.000000 0.000000 1.000000
0.975389 -0.038116 -0.217171 -8.487434 -0.002725 0.982786 -0.184729 89.297821 0.220474 0.180774 0.958495 -6.194842 0.000000 0.000000 0.000000 1.000000
0.975089 -0.043555 -0.217497 -8.950737 0.003367 0.983325 -0.181823 89.443359 0.221789 0.176562 0.958976 -6.223778 0.000000 0.000000 0.000000 1.000000
0.974152 -0.047947 -0.220747 -9.352477 0.008105 0.984004 -0.177960 89.588531 0.225749 0.171571 0.958958 -6.242316 0.000000 0.000000 0.000000 1.000000
0.972224 -0.049958 -0.228659 -9.710114 0.009954 0.984896 -0.172860 89.743828 0.233841 0.165783 0.958037 -6.255484 0.000000 0.000000 0.000000 1.000000
0.969599 -0.050966 -0.239331 -9.998466 0.010128 0.985589 -0.168853 89.912949 0.244488 0.161296 0.956143 -6.246622 0.000000 0.000000 0.000000 1.000000
0.966631 -0.053375 -0.250552 -10.180910 0.010703 0.985614 -0.168674 90.090202 0.255951 0.160364 0.953296 -6.201082 0.000000 0.000000 0.000000 1.000000
0.963352 -0.057967 -0.261901 -10.241898 0.012471 0.984994 -0.172138 90.269211 0.267949 0.162563 0.949619 -6.112583 0.000000 0.000000 0.000000 1.000000
0.959899 -0.063522 -0.273056 -10.186264 0.015064 0.984272 -0.176017 90.444092 0.279942 0.164845 0.945758 -5.973699 0.000000 0.000000 0.000000 1.000000
0.956774 -0.068328 -0.282693 -10.022837 0.017993 0.984055 -0.176952 90.607162 0.290277 0.164217 0.942747 -5.782869 0.000000 0.000000 0.000000 1.000000
0.954153 -0.071574 -0.290636 -9.760008 0.020831 0.984513 -0.174067 90.755455 0.298593 0.160033 0.940867 -5.550000 0.000000 0.000000 0.000000 1.000000
0.951339 -0.073434 -0.299268 -9.413735 0.022724 0.985264 -0.169524 90.887749 0.307307 0.154475 0.938989 -5.288296 0.000000 0.000000 0.000000 1.000000
0.947543 -0.074490 -0.310826 -9.001771 0.022811 0.985744 -0.166696 90.994331 0.318812 0.150862 0.935735 -5.003709 0.000000 0.000000 0.000000 1.000000
0.942768 -0.075240 -0.324851 -8.530912 0.021178 0.985755 -0.166852 91.067741 0.332777 0.150423 0.930931 -4.695056 0.000000 0.000000 0.000000 1.000000
0.937590 -0.075674 -0.339408 -7.997037 0.018767 0.985623 -0.167911 91.114899 0.347235 0.151062 0.925531 -4.356918 0.000000 0.000000 0.000000 1.000000
0.932445 -0.075390 -0.353360 -7.398553 0.016225 0.985739 -0.167496 91.145157 0.360948 0.150447 0.920371 -3.982473 0.000000 0.000000 0.000000 1.000000
0.927440 -0.074195 -0.366537 -6.749551 0.013430 0.986097 -0.165625 91.164749 0.373730 0.148685 0.915543 -3.572742 0.000000 0.000000 0.000000 1.000000
0.922738 -0.072322 -0.378581 -6.072559 0.010121 0.986446 -0.163777 91.175705 0.385294 0.147291 0.910963 -3.139860 0.000000 0.000000 0.000000 1.000000
0.918743 -0.070219 -0.388562 -5.383350 0.006540 0.986632 -0.162835 91.187119 0.394801 0.147062 0.906921 -2.700222 0.000000 0.000000 0.000000 1.000000
0.915890 -0.068164 -0.395600 -4.689158 0.003091 0.986646 -0.162847 91.217674 0.401418 0.147927 0.903870 -2.268914 0.000000 0.000000 0.000000 1.000000
0.914363 -0.066039 -0.399473 -4.006395 -0.000239 0.986521 -0.163633 91.270882 0.404895 0.149716 0.902023 -1.862478 0.000000 0.000000 0.000000 1.000000
0.914089 -0.063637 -0.400489 -3.360904 -0.003666 0.986273 -0.165084 91.334076 0.405496 0.152370 0.901308 -1.496059 0.000000 0.000000 0.000000 1.000000
0.915083 -0.061322 -0.398575 -2.768701 -0.007038 0.985792 -0.167825 91.387589 0.403203 0.156379 0.901650 -1.171177 0.000000 0.000000 0.000000 1.000000
0.917989 -0.059821 -0.392069 -2.218866 -0.009489 0.984964 -0.172500 91.429596 0.396493 0.162073 0.903618 -0.871765 0.000000 0.000000 0.000000 1.000000
0.923605 -0.058791 -0.378810 -1.687107 -0.010188 0.984056 -0.177566 91.470535 0.383210 0.167860 0.908280 -0.580298 0.000000 0.000000 0.000000 1.000000
0.931155 -0.056837 -0.360165 -1.180757 -0.009694 0.983568 -0.180277 91.511261 0.364494 0.171357 0.915304 -0.306713 0.000000 0.000000 0.000000 1.000000
0.938228 -0.053442 -0.341865 -0.751269 -0.009814 0.983493 -0.180677 91.542267 0.345878 0.172872 0.922217 -0.089034 0.000000 0.000000 0.000000 1.000000
0.943172 -0.049596 -0.328583 -0.446673 -0.011442 0.983366 -0.181272 91.558754 0.332108 0.174731 0.926916 0.050690 0.000000 0.000000 0.000000 1.000000
0.946790 -0.046254 -0.318511 -0.227870 -0.013371 0.983113 -0.182512 91.571167 0.321574 0.177059 0.930183 0.144811 0.000000 0.000000 0.000000 1.000000
0.949327 -0.043138 -0.311316 -0.087318 -0.015608 0.982842 -0.183786 91.576866 0.313902 0.179332 0.932365 0.201920 0.000000 0.000000 0.000000 1.000000
0.951116 -0.039931 -0.306240 -0.015087 -0.018111 0.982687 -0.184384 91.581001 0.308301 0.180917 0.933927 0.239140 0.000000 0.000000 0.000000 1.000000
0.952454 -0.037389 -0.302380 -0.007730 -0.020011 0.982623 -0.184531 91.608078 0.304025 0.181808 0.935155 0.258303 0.000000 0.000000 0.000000 1.000000</float_array><technique_common><accessor source="#Hips-Matrix-animation-output-transform-array" count="140" stride="16"><param type="float4x4"/></accessor></technique_common></source><source id="Hips-Interpolations"><Name_array id="Hips-Interpolations-array" count="140">
 LINEAR LINEAR LINEAR LINEAR LINEAR LINEAR LINEAR LINEAR LINEAR LINEAR LINEAR
LINEAR LINEAR LINEAR LINEAR LINEAR LINEAR LINEAR LINEAR LINEAR LINEAR LINEAR LINEAR
LINEAR LINEAR LINEAR LINEAR LINEAR LINEAR LINEAR LINEAR LINEAR LINEAR LINEAR LINEAR
LINEAR LINEAR LINEAR LINEAR LINEAR LINEAR LINEAR LINEAR LINEAR LINEAR LINEAR LINEAR
LINEAR LINEAR LINEAR LINEAR LINEAR LINEAR LINEAR LINEAR LINEAR LINEAR LINEAR LINEAR
LINEAR LINEAR LINEAR LINEAR LINEAR LINEAR LINEAR LINEAR LINEAR LINEAR LINEAR LINEAR
LINEAR LINEAR LINEAR LINEAR LINEAR LINEAR LINEAR LINEAR LINEAR LINEAR LINEAR LINEAR
LINEAR LINEAR LINEAR LINEAR LINEAR LINEAR LINEAR LINEAR LINEAR LINEAR LINEAR LINEAR
LINEAR LINEAR LINEAR LINEAR LINEAR LINEAR LINEAR LINEAR LINEAR LINEAR LINEAR LINEAR
LINEAR LINEAR LINEAR LINEAR LINEAR LINEAR LINEAR LINEAR LINEAR LINEAR LINEAR LINEAR
LINEAR LINEAR LINEAR LINEAR LINEAR LINEAR LINEAR LINEAR LINEAR LINEAR LINEAR LINEAR
LINEAR LINEAR LINEAR LINEAR LINEAR LINEAR LINEAR LINEAR LINEAR</Name_array><technique_common><accessor source="#Hips-Interpolations-array" count="140"><param type="name"/></accessor></technique_common></source><sampler id="Hips-Matrix-animation-transform"><input semantic="INPUT" source="#Hips-Matrix-animation-input"/><input semantic="OUTPUT" source="#Hips-Matrix-animation-output-transform"/><input semantic="INTERPOLATION" source="#Hips-Interpolations"/></sampler><channel source="#Hips-Matrix-animation-transform" target="Hips/matrix"/></animation>
    <animation id="Spine-anim" name="Spine"><source id="Spine-Matrix-animation-input"><float_array id="Spine-Matrix-animation-input-array" count="140">

0.000000 0.033333 0.066667 0.100000 0.133333 0.166667 0.200000 0.233333 0.266667 0.300000 0.333333 0.366667 0.400000 0.433333 0.466667 0.500000
0.533333 0.566667 0.600000 0.633333 0.666667 0.700000 0.733333 0.766667 0.800000 0.833333 0.866667 0.900000 0.933333 0.966667 1.000000 1.033333
1.066667 1.100000 1.133333 1.166667 1.200000 1.233333 1.266667 1.300000 1.333333 1.366667 1.400000 1.433333 1.466667 1.500000 1.533333 1.566667
1.600000 1.633333 1.666667 1.700000 1.733333 1.766667 1.800000 1.833333 1.866667 1.900000 1.933333 1.966667 2.000000 2.033333 2.066667 2.100000
2.133333 2.166667 2.200000 2.233333 2.266667 2.300000 2.333333 2.366667 2.400000 2.433333 2.466667 2.500000 2.533333 2.566667 2.600000 2.633333
2.666667 2.700000 2.733333 2.766667 2.800000 2.833333 2.866667 2.900000 2.933333 2.966667 3.000000 3.033333 3.066667 3.100000 3.133333 3.166667
3.200000 3.233333 3.266667 3.300000 3.333333 3.366667 3.400000 3.433333 3.466667 3.500000 3.533333 3.566667 3.600000 3.633333 3.666667 3.700000
3.733333 3.766667 3.800000 3.833333 3.866667 3.900000 3.933333 3.966667 4.000000 4.033333 4.066667 4.100000 4.133333 4.166667 4.200000 4.233333
4.266667 4.300000 4.333333 4.366667 4.400000 4.433333 4.466667 4.500000 4.533333 4.566667 4.600000 4.633333</float_array><technique_common><accessor source="#Spine-Matrix-animation-input-array" count="140"><param name="TIME" type="float"/></accessor></technique_common></source><source id="Spine-Matrix-animation-output-transform"><float_array id="Spine-Matrix-animation-output-transform-array" count="2240">

0.999554 0.006040 -0.029259 -0.002400 -0.009518 0.992699 -0.120238 12.777500 0.028319 0.120463 0.992314 0.315300 0.000000 0.000000 0.000000 1.000000
0.999627 0.007641 -0.026222 -0.002400 -0.010734 0.992728 -0.119902 12.777500 0.025116 0.120138 0.992439 0.315300 0.000000 0.000000 0.000000 1.000000
0.999680 0.010285 -0.023091 -0.002400 -0.012927 0.993011 -0.117316 12.777500 0.021723 0.117577 0.992826 0.315300 0.000000 0.000000 0.000000 1.000000
0.999700 0.013788 -0.020247 -0.002400 -0.015977 0.993544 -0.112313 12.777500 0.018568 0.112603 0.993467 0.315300 0.000000 0.000000 0.000000 1.000000
0.999690 0.017028 -0.018176 -0.002400 -0.018846 0.994290 -0.105030 12.777500 0.016284 0.105340 0.994303 0.315300 0.000000 0.000000 0.000000 1.000000
0.999676 0.018814 -0.017156 -0.002400 -0.020412 0.994945 -0.098325 12.777500 0.015219 0.098643 0.995006 0.315300 0.000000 0.000000 0.000000 1.000000
0.999665 0.018773 -0.017822 -0.002400 -0.020395 0.995208 -0.095625 12.777500 0.015941 0.095957 0.995258 0.315300 0.000000 0.000000 0.000000 1.000000
0.999681 0.014991 -0.020304 -0.002400 -0.016939 0.994899 -0.099440 12.777500 0.018709 0.099752 0.994836 0.315300 0.000000 0.000000 0.000000 1.000000
0.999698 0.007402 -0.023440 -0.002400 -0.009950 0.993825 -0.110509 12.777500 0.022478 0.110709 0.993599 0.315300 0.000000 0.000000 0.000000 1.000000
0.999658 0.000081 -0.026138 -0.002400 -0.003428 0.991762 -0.128052 12.777500 0.025912 0.128098 0.991423 0.315300 0.000000 0.000000 0.000000 1.000000
0.999566 -0.003548 -0.029255 -0.002400 -0.000872 0.988731 -0.149703 12.777500 0.029456 0.149663 0.988298 0.315300 0.000000 0.000000 0.000000 1.000000
0.999412 -0.003425 -0.034104 -0.002400 -0.002464 0.985241 -0.171153 12.777500 0.034187 0.171137 0.984654 0.315300 0.000000 0.000000 0.000000 1.000000
0.999211 -0.001090 -0.039698 -0.002400 -0.006379 0.982238 -0.187533 12.777500 0.039197 0.187638 0.981456 0.315300 0.000000 0.000000 0.000000 1.000000
0.999053 0.002102 -0.043459 -0.002400 -0.010615 0.980425 -0.196608 12.777500 0.042195 0.196883 0.979519 0.315300 0.000000 0.000000 0.000000 1.000000
0.999016 0.005266 -0.044034 -0.002400 -0.013994 0.979629 -0.200327 12.777500 0.042082 0.200746 0.978739 0.315300 0.000000 0.000000 0.000000 1.000000
0.999111 0.007473 -0.041493 -0.002400 -0.015715 0.979252 -0.202036 12.777500 0.039122 0.202508 0.978499 0.315300 0.000000 0.000000 0.000000 1.000000
0.999323 0.008029 -0.035906 -0.002400 -0.015108 0.979377 -0.201474 12.777500 0.033548 0.201880 0.978836 0.315300 0.000000 0.000000 0.000000 1.000000
0.999583 0.007433 -0.027902 -0.002400 -0.012695 0.981025 -0.193463 12.777500 0.025934 0.193737 0.980711 0.315300 0.000000 0.000000 0.000000 1.000000
0.999791 0.006590 -0.019367 -0.002400 -0.009845 0.984853 -0.173113 12.777500 0.017933 0.173268 0.984711 0.315300 0.000000 0.000000 0.000000 1.000000
0.999911 0.005505 -0.012167 -0.002400 -0.007179 0.989816 -0.142174 12.777500 0.011260 0.142249 0.989767 0.315300 0.000000 0.000000 0.000000 1.000000
0.999969 0.003980 -0.006740 -0.002400 -0.004689 0.994062 -0.108710 12.777500 0.006268 0.108738 0.994051 0.315300 0.000000 0.000000 0.000000 1.000000
0.999993 0.001926 -0.003119 -0.002400 -0.002171 0.996764 -0.080348 12.777500 0.002954 0.080355 0.996762 0.315300 0.000000 0.000000 0.000000 1.000000
0.999999 -0.000678 -0.001384 -0.002400 0.000596 0.998267 -0.058845 12.777500 0.001421 0.058844 0.998266 0.315300 0.000000 0.000000 0.000000 1.000000
0.999997 -0.002544 -0.000615 -0.002400 0.002517 0.999162 -0.040843 12.777500 0.000719 0.040842 0.999165 0.315300 0.000000 0.000000 0.000000 1.000000
0.999989 -0.004764 -0.000065 -0.002400 0.004762 0.999736 -0.022472 12.777500 0.000172 0.022472 0.999747 0.315300 0.000000 0.000000 0.000000 1.000000
0.999980 -0.006246 -0.000788 -0.002400 0.006244 0.999977 -0.002822 12.777500 0.000805 0.002817 0.999996 0.315300 0.000000 0.000000 0.000000 1.000000
0.999971 -0.006557 -0.003886 -0.002400 0.006620 0.999845 0.016307 12.777500 0.003779 -0.016332 0.999859 0.315300 0.000000 0.000000 0.000000 1.000000
0.999955 -0.004949 -0.008099 -0.002400 0.005211 0.999450 0.032752 12.777500 0.007933 -0.032793 0.999431 0.315300 0.000000 0.000000 0.000000 1.000000
0.999943 -0.000674 -0.010693 -0.002400 0.001160 0.998965 0.045476 12.777500 0.010651 -0.045486 0.998908 0.315300 0.000000 0.000000 0.000000 1.000000
0.999942 0.003915 -0.010050 -0.002400 -0.003360 0.998501 0.054639 12.777500 0.010249 -0.054602 0.998456 0.315300 0.000000 0.000000 0.000000 1.000000
0.999950 0.007298 -0.006783 -0.002400 -0.006869 0.998097 0.061278 12.777500 0.007217 -0.061228 0.998098 0.315300 0.000000 0.000000 0.000000 1.000000
0.999951 0.009672 -0.002328 -0.002400 -0.009496 0.997734 0.066603 12.777500 0.002967 -0.066578 0.997777 0.315300 0.000000 0.000000 0.000000 1.000000
0.999923 0.012208 0.001995 -0.002400 -0.012319 0.997417 0.070768 12.777500 -0.001125 -0.070787 0.997491 0.315300 0.000000 0.000000 0.000000 1.000000
0.999873 0.014959 0.005444 -0.002400 -0.015315 0.997241 0.072642 12.777500 -0.004342 -0.072716 0.997343 0.315300 0.000000 0.000000 0.000000 1.000000
0.999828 0.016644 0.008155 -0.002400 -0.017183 0.997319 0.071133 12.777500 -0.006949 -0.071261 0.997433 0.315300 0.000000 0.000000 0.000000 1.000000
0.999796 0.016945 0.010953 -0.002400 -0.017629 0.997683 0.065718 12.777500 -0.009814 -0.065897 0.997778 0.315300 0.000000 0.000000 0.000000 1.000000
0.999769 0.016036 0.014316 -0.002400 -0.016801 0.998345 0.054996 12.777500 -0.013410 -0.055224 0.998384 0.315300 0.000000 0.000000 0.000000 1.000000
0.999659 0.019465 0.017397 -0.002400 -0.020085 0.999141 0.036242 12.777500 -0.016676 -0.036579 0.999192 0.315300 0.000000 0.000000 0.000000 1.000000
0.999465 0.026013 0.019820 -0.002400 -0.026173 0.999627 0.007849 12.777500 -0.019608 -0.008363 0.999773 0.315300 0.000000 0.000000 0.000000 1.000000
0.999246 0.032437 0.021347 -0.002400 -0.031829 0.999094 -0.028248 12.777500 -0.022244 0.027547 0.999373 0.315300 0.000000 0.000000 0.000000 1.000000
0.999114 0.036272 0.021352 -0.002400 -0.034781 0.997182 -0.066475 12.777500 -0.023703 0.065674 0.997560 0.315300 0.000000 0.000000 0.000000 1.000000
0.999118 0.036856 0.020097 -0.002400 -0.034663 0.994352 -0.100308 12.777500 -0.023680 0.099523 0.994753 0.315300 0.000000 0.000000 0.000000 1.000000
0.999080 0.039829 0.015894 -0.002400 -0.037502 0.991243 -0.126613 12.777500 -0.020798 0.125900 0.991825 0.315300 0.000000 0.000000 0.000000 1.000000
0.999006 0.043513 0.009675 -0.002400 -0.041619 0.988236 -0.147165 12.777500 -0.015964 0.146616 0.989065 0.315300 0.000000 0.000000 0.000000 1.000000
0.999028 0.044051 0.001635 -0.002400 -0.043172 0.985234 -0.165679 12.777500 -0.008910 0.165447 0.986178 0.315300 0.000000 0.000000 0.000000 1.000000
0.999142 0.040750 -0.007401 -0.002400 -0.041416 0.982119 -0.183648 12.777500 -0.000214 0.183797 0.982964 0.315300 0.000000 0.000000 0.000000 1.000000
0.999176 0.037976 -0.014315 -0.002400 -0.040077 0.978868 -0.200527 12.777500 0.006398 0.200936 0.979584 0.315300 0.000000 0.000000 0.000000 1.000000
0.999090 0.038677 -0.017991 -0.002400 -0.041660 0.975342 -0.216732 12.777500 0.009165 0.217284 0.976065 0.315300 0.000000 0.000000 0.000000 1.000000
0.998989 0.040639 -0.019208 -0.002400 -0.044006 0.971326 -0.233642 12.777500 0.009162 0.234251 0.972133 0.315300 0.000000 0.000000 0.000000 1.000000
0.999022 0.039574 -0.019704 -0.002400 -0.043253 0.967127 -0.250588 12.777500 0.009140 0.251196 0.967893 0.315300 0.000000 0.000000 0.000000 1.000000
0.999163 0.035173 -0.020897 -0.002400 -0.039448 0.963690 -0.264094 12.777500 0.010849 0.264697 0.964271 0.315300 0.000000 0.000000 0.000000 1.000000
0.999272 0.030872 -0.022414 -0.002400 -0.035796 0.961908 -0.271021 12.777500 0.013193 0.271626 0.962312 0.315300 0.000000 0.000000 0.000000 1.000000
0.999319 0.028700 -0.023180 -0.002400 -0.033924 0.961783 -0.271704 12.777500 0.014497 0.272305 0.962102 0.315300 0.000000 0.000000 0.000000 1.000000
0.999334 0.028706 -0.022527 -0.002400 -0.033722 0.962377 -0.269619 12.777500 0.013940 0.270199 0.962704 0.315300 0.000000 0.000000 0.000000 1.000000
0.999346 0.029720 -0.020575 -0.002400 -0.034154 0.962744 -0.268248 12.777500 0.011836 0.268776 0.963130 0.315300 0.000000 0.000000 0.000000 1.000000
0.999385 0.029940 -0.018243 -0.002400 -0.033742 0.962700 -0.268458 12.777500 0.009525 0.268909 0.963119 0.315300 0.000000 0.000000 0.000000 1.000000
0.999455 0.028636 -0.016434 -0.002400 -0.032002 0.962663 -0.268804 12.777500 0.008123 0.269183 0.963055 0.315300 0.000000 0.000000 0.000000 1.000000
0.999526 0.026665 -0.015399 -0.002400 -0.029817 0.963016 -0.267789 12.777500 0.007689 0.268121 0.963354 0.315300 0.000000 0.000000 0.000000 1.000000
0.999568 0.025347 -0.014904 -0.002400 -0.028395 0.963740 -0.265328 12.777500 0.007639 0.265637 0.964043 0.315300 0.000000 0.000000 0.000000 1.000000
0.999566 0.025427 -0.014854 -0.002400 -0.028435 0.964559 -0.262330 12.777500 0.007658 0.262639 0.964864 0.315300 0.000000 0.000000 0.000000 1.000000
0.999520 0.026968 -0.015254 -0.002400 -0.030006 0.965245 -0.259618 12.777500 0.007723 0.259951 0.965591 0.315300 0.000000 0.000000 0.000000 1.000000
0.999441 0.029183 -0.016328 -0.002400 -0.032406 0.965734 -0.257503 12.777500 0.008254 0.257888 0.966140 0.315300 0.000000 0.000000 0.000000 1.000000
0.999342 0.031596 -0.017813 -0.002400 -0.035106 0.966048 -0.255966 12.777500 0.009121 0.256423 0.966522 0.315300 0.000000 0.000000 0.000000 1.000000
0.999222 0.034210 -0.019634 -0.002400 -0.038086 0.966274 -0.254683 12.777500 0.010259 0.255233 0.966825 0.315300 0.000000 0.000000 0.000000 1.000000
0.999060 0.037437 -0.021836 -0.002400 -0.041747 0.966600 -0.252866 12.777500 0.011640 0.253540 0.967255 0.315300 0.000000 0.000000 0.000000 1.000000
0.998851 0.041122 -0.024592 -0.002400 -0.045967 0.967256 -0.249605 12.777500 0.013523 0.250449 0.968035 0.315300 0.000000 0.000000 0.000000 1.000000
0.998622 0.044439 -0.027917 -0.002400 -0.049930 0.968321 -0.244667 12.777500 0.016160 0.245724 0.969205 0.315300 0.000000 0.000000 0.000000 1.000000
0.998407 0.047104 -0.031074 -0.002400 -0.053178 0.969614 -0.238789 12.777500 0.018882 0.240061 0.970574 0.315300 0.000000 0.000000 0.000000 1.000000
0.998230 0.049471 -0.033022 -0.002400 -0.055827 0.970828 -0.233188 12.777500 0.020523 0.234619 0.971871 0.315300 0.000000 0.000000 0.000000 1.000000
0.998108 0.051486 -0.033596 -0.002400 -0.057825 0.971787 -0.228663 12.777500 0.020875 0.230173 0.972926 0.315300 0.000000 0.000000 0.000000 1.000000
0.998036 0.052771 -0.033743 -0.002400 -0.059033 0.972556 -0.225057 12.777500 0.020940 0.226607 0.973761 0.315300 0.000000 0.000000 0.000000 1.000000
0.997974 0.053377 -0.034628 -0.002400 -0.059745 0.973317 -0.221549 12.777500 0.021878 0.223169 0.974534 0.315300 0.000000 0.000000 0.000000 1.000000
0.997872 0.053890 -0.036693 -0.002400 -0.060609 0.974167 -0.217543 12.777500 0.024021 0.219304 0.975361 0.315300 0.000000 0.000000 0.000000 1.000000
0.997730 0.054534 -0.039507 -0.002400 -0.061741 0.975027 -0.213333 12.777500 0.026887 0.215288 0.976180 0.315300 0.000000 0.000000 0.000000 1.000000
0.997605 0.054680 -0.042360 -0.002400 -0.062387 0.975776 -0.209690 12.777500 0.029868 0.211830 0.976850 0.315300 0.000000 0.000000 0.000000 1.000000
0.997540 0.053860 -0.044874 -0.002400 -0.062021 0.976424 -0.206761 12.777500 0.032680 0.209036 0.977362 0.315300 0.000000 0.000000 0.000000 1.000000
0.997507 0.052643 -0.047001 -0.002400 -0.061169 0.977103 -0.203784 12.777500 0.035197 0.206151 0.977887 0.315300 0.000000 0.000000 0.000000 1.000000
0.997459 0.051910 -0.048801 -0.002400 -0.060684 0.977888 -0.200133 12.777500 0.037333 0.202586 0.978553 0.315300 0.000000 0.000000 0.000000 1.000000
0.997387 0.051754 -0.050409 -0.002400 -0.060702 0.978669 -0.196269 12.777500 0.039176 0.198816 0.979253 0.315300 0.000000 0.000000 0.000000 1.000000
0.997330 0.051502 -0.051779 -0.002400 -0.060604 0.979270 -0.193279 12.777500 0.040751 0.195901 0.979777 0.315300 0.000000 0.000000 0.000000 1.000000
0.997344 0.050516 -0.052474 -0.002400 -0.059706 0.979632 -0.191721 12.777500 0.041720 0.194344 0.980046 0.315300 0.000000 0.000000 0.000000 1.000000
0.997467 0.048680 -0.051866 -0.002400 -0.057764 0.979841 -0.191246 12.777500 0.041510 0.193757 0.980171 0.315300 0.000000 0.000000 0.000000 1.000000
0.997687 0.046459 -0.049627 -0.002400 -0.055146 0.980000 -0.191202 12.777500 0.039751 0.193496 0.980295 0.315300 0.000000 0.000000 0.000000 1.000000
0.997950 0.044406 -0.046083 -0.002400 -0.052447 0.980129 -0.191304 12.777500 0.036673 0.193329 0.980448 0.315300 0.000000 0.000000 0.000000 1.000000
0.998214 0.042603 -0.041873 -0.002400 -0.049877 0.980171 -0.191771 12.777500 0.032873 0.193517 0.980546 0.315300 0.000000 0.000000 0.000000 1.000000
0.998470 0.040655 -0.037475 -0.002400 -0.047147 0.980078 -0.192937 12.777500 0.028885 0.194409 0.980495 0.315300 0.000000 0.000000 0.000000 1.000000
0.998724 0.037934 -0.033340 -0.002400 -0.043719 0.979879 -0.194743 12.777500 0.025282 0.195952 0.980287 0.315300 0.000000 0.000000 0.000000 1.000000
0.998970 0.034040 -0.029994 -0.002400 -0.039286 0.979692 -0.196624 12.777500 0.022692 0.197600 0.980020 0.315300 0.000000 0.000000 0.000000 1.000000
