<?xml version="1.0" encoding="utf-8"?>
<COLLADA xmlns="http://www.collada.org/2005/11/COLLADASchema" version="1.4.1">
  <asset><contributor><author>Mixamo</author><authoring_tool>COLLADA Mixamo exporter</authoring_tool><comments></comments></contributor><created>2018-10-29T12:32:51Z</created><modified>2018-10-29T12:32:51Z</modified><revision></revision><title></title><unit meter="0.010000"/><up_axis>Y_UP</up_axis></asset>
  <library_animations>
    <animation id="Hips-anim" name="Hips"><source id="Hips-Matrix-animation-input"><float_array id="Hips-Matrix-animation-input-array" count="91">

0.000000 0.033333 0.066667 0.100000 0.133333 0.166667 0.200000 0.233333 0.266667 0.300000 0.333333 0.366667 0.400000 0.433333 0.466667 0.500000
0.533333 0.566667 0.600000 0.633333 0.666667 0.700000 0.733333 0.766667 0.800000 0.833333 0.866667 0.900000 0.933333 0.966667 1.000000 1.033333
1.066667 1.100000 1.133333 1.166667 1.200000 1.233333 1.266667 1.300000 1.333333 1.366667 1.400000 1.433333 1.466667 1.500000 1.533333 1.566667
1.600000 1.633333 1.666667 1.700000 1.733333 1.766667 1.800000 1.833333 1.866667 1.900000 1.933333 1.966667 2.000000 2.033333 2.066667 2.100000
2.133333 2.166667 2.200000 2.233333 2.266667 2.300000 2.333333 2.366667 2.400000 2.433333 2.466667 2.500000 2.533333 2.566667 2.600000 2.633333
2.666667 2.700000 2.733333 2.766667 2.800000 2.833333 2.866667 2.900000 2.933333 2.966667 3.000000</float_array><technique_common><accessor source="#Hips-Matrix-animation-input-array" count="91"><param name="TIME" type="float"/></accessor></technique_common></source><source id="Hips-Matrix-animation-output-transform"><float_array id="Hips-Matrix-animation-output-transform-array" count="1456">

0.970211 0.014908 0.241802 -0.949299 0.041410 0.973211 -0.226156 89.442551 -0.238696 0.229432 0.943602 1.303185 0.000000 0.000000 0.000000 1.000000
0.971385 0.015178 0.237024 -0.826638 0.039827 0.973416 -0.225554 89.552193 -0.234147 0.228540 0.944958 1.277690 0.000000 0.000000 0.000000 1.000000
0.972373 0.015400 0.232925 -0.680100 0.038502 0.973575 -0.225099 89.565453 -0.230236 0.227848 0.946085 1.251696 0.000000 0.000000 0.000000 1.000000
0.972556 0.015629 0.232142 -0.505886 0.037878 0.973795 -0.224250 89.566238 -0.229563 0.226889 0.946479 1.231521 0.000000 0.000000 0.000000 1.000000
0.972376 0.017078 0.232794 -0.320018 0.036206 0.974215 -0.222699 89.608925 -0.230595 0.224976 0.946685 1.217701 0.000000 0.000000 0.000000 1.000000
0.971809 0.019279 0.234980 -0.136584 0.034199 0.974584 -0.221396 89.638779 -0.233276 0.223191 0.946450 1.198738 0.000000 0.000000 0.000000 1.000000
0.970705 0.021224 0.239334 0.038794 0.032879 0.974988 -0.219814 89.649017 -0.238013 0.221244 0.945728 1.169751 0.000000 0.000000 0.000000 1.000000
0.969374 0.022765 0.244533 0.159797 0.031922 0.975568 -0.217366 89.666702 -0.243507 0.218515 0.944963 1.126471 0.000000 0.000000 0.000000 1.000000
0.968225 0.025063 0.248823 0.237500 0.029929 0.976202 -0.214787 89.666367 -0.248285 0.215409 0.944433 1.083569 0.000000 0.000000 0.000000 1.000000
0.967252 0.027929 0.252275 0.290681 0.027325 0.976693 -0.212896 89.651199 -0.252342 0.212818 0.943945 1.025269 0.000000 0.000000 0.000000 1.000000
0.967006 0.029880 0.252995 0.330784 0.025080 0.977107 -0.211266 89.614395 -0.253516 0.210640 0.944119 0.960509 0.000000 0.000000 0.000000 1.000000
0.966738 0.031419 0.253831 0.382008 0.023680 0.977169 -0.211139 89.559479 -0.254669 0.210127 0.943923 0.879033 0.000000 0.000000 0.000000 1.000000
0.966166 0.034373 0.255621 0.409906 0.022001 0.976484 -0.214462 89.457184 -0.256982 0.212830 0.942690 0.798390 0.000000 0.000000 0.000000 1.000000
0.964574 0.037553 0.261126 0.408392 0.020761 0.975941 -0.217042 89.320419 -0.262995 0.214774 0.940588 0.722670 0.000000 0.000000 0.000000 1.000000
0.962511 0.039826 0.268302 0.343742 0.020024 0.976030 -0.216713 89.201736 -0.270502 0.213961 0.938642 0.673920 0.000000 0.000000 0.000000 1.000000
0.959357 0.041921 0.279063 0.201810 0.019683 0.976555 -0.214364 89.091843 -0.281507 0.211145 0.936041 0.647165 0.000000 0.000000 0.000000 1.000000
0.956707 0.041031 0.288146 -0.134209 0.023119 0.976172 -0.215764 88.758736 -0.290133 0.213085 0.932962 0.691469 0.000000 0.000000 0.000000 1.000000
0.954226 0.037435 0.296735 -0.737712 0.027876 0.976685 -0.212859 88.384773 -0.297786 0.211388 0.930934 0.793362 0.000000 0.000000 0.000000 1.000000
0.950078 0.034197 0.310134 -1.685851 0.034373 0.976454 -0.212969 88.038345 -0.310114 0.212997 0.926532 0.991444 0.000000 0.000000 0.000000 1.000000
0.941901 0.032443 0.334321 -3.135370 0.043893 0.974901 -0.218267 87.941971 -0.333012 0.220260 0.916836 1.287768 0.000000 0.000000 0.000000 1.000000
0.928729 0.034252 0.369174 -5.343744 0.054915 0.972032 -0.228336 88.165482 -0.366670 0.232335 0.900874 1.631875 0.000000 0.000000 0.000000 1.000000
0.901796 0.049226 0.429349 -8.186306 0.059290 0.970005 -0.235745 88.702568 -0.428075 0.238050 0.871828 2.062694 0.000000 0.000000 0.000000 1.000000
0.854082 0.073899 0.514861 -11.257389 0.068822 0.965097 -0.252688 89.343781 -0.515564 0.251250 0.819187 2.711646 0.000000 0.000000 0.000000 1.000000
0.792753 0.103858 0.600629 -14.189388 0.079256 0.959449 -0.270511 89.828934 -0.604368 0.262052 0.752375 3.436582 0.000000 0.000000 0.000000 1.000000
0.729007 0.131999 0.671658 -16.942442 0.087837 0.955079 -0.283036 90.229126 -0.678847 0.265332 0.684665 4.330534 0.000000 0.000000 0.000000 1.000000
0.675130 0.167709 0.718383 -19.124130 0.084773 0.949726 -0.301386 90.228668 -0.732812 0.264374 0.626971 5.442931 0.000000 0.000000 0.000000 1.000000
0.619609 0.194662 0.760389 -20.750629 0.081093 0.947699 -0.308693 90.034035 -0.780711 0.252931 0.571417 6.610409 0.000000 0.000000 0.000000 1.000000
0.561755 0.217399 0.798229 -22.032097 0.081430 0.945641 -0.314853 89.760376 -0.823287 0.241870 0.513516 7.718453 0.000000 0.000000 0.000000 1.000000
0.494544 0.240346 0.835261 -23.117378 0.084507 0.943156 -0.321428 89.545906 -0.865035 0.229545 0.446121 8.759518 0.000000 0.000000 0.000000 1.000000
0.419925 0.260659 0.869322 -24.009010 0.083625 0.942680 -0.323050 89.499763 -0.903698 0.208354 0.374057 9.657168 0.000000 0.000000 0.000000 1.000000
0.342406 0.276513 0.897942 -24.707626 0.079442 0.943769 -0.320918 89.534775 -0.936188 0.181219 0.301185 10.325306 0.000000 0.000000 0.000000 1.000000
0.262271 0.291305 0.919976 -25.218288 0.072368 0.944726 -0.319773 89.747101 -0.962277 0.150444 0.226693 10.803205 0.000000 0.000000 0.000000 1.000000
0.183350 0.305428 0.934396 -25.471148 0.062196 0.945001 -0.321099 89.962723 -0.981078 0.116989 0.154270 11.136913 0.000000 0.000000 0.000000 1.000000
0.112490 0.319570 0.940862 -25.488892 0.053594 0.943542 -0.326888 90.093941 -0.992206 0.087196 0.089012 11.290100 0.000000 0.000000 0.000000 1.000000
0.047437 0.325800 0.944248 -25.286427 0.044679 0.943674 -0.327846 90.195465 -0.997874 0.057741 0.030209 11.142070 0.000000 0.000000 0.000000 1.000000
-0.012169 0.322430 0.946515 -24.753330 0.036163 0.946108 -0.321826 90.175400 -0.999272 0.030312 -0.023173 10.759408 0.000000 0.000000 0.000000 1.000000
-0.060324 0.311755 0.948246 -23.916304 0.025811 0.950145 -0.310737 90.140732 -0.997845 0.005730 -0.065363 10.167230 0.000000 0.000000 0.000000 1.000000
-0.099909 0.296998 0.949637 -22.826797 0.020270 0.954822 -0.296487 90.096062 -0.994790 -0.010372 -0.101415 9.373240 0.000000 0.000000 0.000000 1.000000
-0.142924 0.280179 0.949248 -21.704063 0.022330 0.959763 -0.279921 89.700859 -0.989482 -0.018811 -0.143429 8.422637 0.000000 0.000000 0.000000 1.000000
-0.182542 0.264441 0.946968 -20.597765 0.023085 0.964039 -0.264758 89.207932 -0.982927 -0.026468 -0.182083 7.470772 0.000000 0.000000 0.000000 1.000000
-0.223983 0.249207 0.942193 -19.479212 0.018529 0.967669 -0.251541 88.860664 -0.974417 -0.038883 -0.221359 6.700183 0.000000 0.000000 0.000000 1.000000
-0.262225 0.237556 0.935310 -18.476604 0.008720 0.969770 -0.243863 88.792023 -0.964967 -0.055791 -0.256370 5.964125 0.000000 0.000000 0.000000 1.000000
-0.295929 0.226789 0.927897 -17.524426 -0.002745 0.971201 -0.238248 88.929214 -0.955206 -0.073052 -0.286784 5.324975 0.000000 0.000000 0.000000 1.000000
-0.322387 0.216951 0.921411 -16.627295 -0.014694 0.972118 -0.234032 89.118683 -0.946494 -0.088988 -0.310211 4.754839 0.000000 0.000000 0.000000 1.000000
-0.347157 0.204635 0.915209 -15.787277 -0.026382 0.973386 -0.227650 89.295532 -0.937436 -0.103175 -0.332519 4.327980 0.000000 0.000000 0.000000 1.000000
-0.373846 0.193899 0.906996 -14.903186 -0.035292 0.974221 -0.222818 89.443001 -0.926819 -0.115309 -0.357366 4.046900 0.000000 0.000000 0.000000 1.000000
-0.401679 0.183874 0.897131 -14.022861 -0.043246 0.974734 -0.219142 89.571739 -0.914759 -0.126822 -0.383578 3.874978 0.000000 0.000000 0.000000 1.000000
-0.431188 0.172715 0.885577 -13.058234 -0.049237 0.975540 -0.214235 89.648514 -0.900918 -0.135979 -0.412137 3.903877 0.000000 0.000000 0.000000 1.000000
-0.461806 0.163041 0.871867 -11.906324 -0.051187 0.976424 -0.209705 89.592743 -0.885503 -0.141471 -0.442573 4.151669 0.000000 0.000000 0.000000 1.000000
-0.493128 0.153308 0.856342 -10.584476 -0.050610 0.977627 -0.204165 89.447708 -0.868483 -0.144019 -0.474337 4.599412 0.000000 0.000000 0.000000 1.000000
-0.525700 0.146993 0.837874 -9.101724 -0.045555 0.978679 -0.200278 89.268356 -0.849449 -0.143456 -0.507796 5.167815 0.000000 0.000000 0.000000 1.000000
-0.557390 0.142609 0.817911 -7.468942 -0.037129 0.979871 -0.196150 88.944717 -0.829420 -0.139700 -0.540875 5.857198 0.000000 0.000000 0.000000 1.000000
-0.584247 0.143066 0.798866 -5.717558 -0.027587 0.980270 -0.195728 88.615982 -0.811107 -0.136392 -0.568773 6.675905 0.000000 0.000000 0.000000 1.000000
-0.609992 0.145019 0.779024 -3.930341 -0.016625 0.980552 -0.195552 88.275841 -0.792233 -0.132236 -0.595718 7.562411 0.000000 0.000000 0.000000 1.000000
-0.632104 0.145335 0.761132 -2.160969 -0.008761 0.980851 -0.194565 88.062729 -0.774834 -0.129653 -0.618726 8.481913 0.000000 0.000000 0.000000 1.000000
-0.647209 0.150358 0.747338 -0.417892 0.000225 0.980393 -0.197052 87.810989 -0.762313 -0.127366 -0.634553 9.479261 0.000000 0.000000 0.000000 1.000000
-0.658920 0.156877 0.735672 1.225022 0.010065 0.979762 -0.199913 87.563492 -0.752146 -0.124322 -0.647164 10.499784 0.000000 0.000000 0.000000 1.000000
-0.668460 0.160089 0.726315 2.752599 0.015619 0.979366 -0.201489 87.447990 -0.743584 -0.123343 -0.657167 11.456249 0.000000 0.000000 0.000000 1.000000
-0.673665 0.163585 0.720705 4.143147 0.020715 0.978991 -0.202847 87.411201 -0.738746 -0.121721 -0.662901 12.373038 0.000000 0.000000 0.000000 1.000000
-0.675569 0.166869 0.718165 5.336363 0.026089 0.978852 -0.202899 87.424904 -0.736835 -0.118337 -0.665636 13.204870 0.000000 0.000000 0.000000 1.000000
-0.676113 0.169351 0.717072 6.327038 0.031022 0.978907 -0.201938 87.539833 -0.736145 -0.114288 -0.667105 13.900696 0.000000 0.000000 0.000000 1.000000
-0.670742 0.174694 0.720824 7.126228 0.036358 0.978442 -0.203297 87.609192 -0.740799 -0.110152 -0.662633 14.554670 0.000000 0.000000 0.000000 1.000000
-0.662836 0.183503 0.725930 7.779742 0.044373 0.977427 -0.206561 87.585800 -0.747448 -0.104705 -0.656017 15.101309 0.000000 0.000000 0.000000 1.000000
-0.654122 0.188843 0.732436 8.251922 0.051305 0.977180 -0.206125 87.656944 -0.754647 -0.097253 -0.648883 15.481004 0.000000 0.000000 0.000000 1.000000
-0.644997 0.195154 0.738846 8.553438 0.058466 0.976610 -0.206916 87.725243 -0.761945 -0.090263 -0.641321 15.740852 0.000000 0.000000 0.000000 1.000000
-0.635752 0.199408 0.745691 8.724230 0.063485 0.976290 -0.206947 87.802986 -0.769278 -0.084227 -0.633338 15.898876 0.000000 0.000000 0.000000 1.000000
-0.625363 0.201648 0.753830 8.790390 0.066790 0.976321 -0.205756 87.882416 -0.777471 -0.078324 -0.624023 15.988235 0.000000 0.000000 0.000000 1.000000
-0.611930 0.205703 0.763693 8.728773 0.070874 0.975963 -0.206089 87.966423 -0.787730 -0.071986 -0.611800 16.002323 0.000000 0.000000 0.000000 1.000000
-0.601562 0.207017 0.771536 8.548366 0.075943 0.976283 -0.202742 88.043335 -0.795208 -0.063369 -0.603016 15.957555 0.000000 0.000000 0.000000 1.000000
-0.595054 0.206576 0.776683 8.270905 0.079518 0.976793 -0.198877 88.129677 -0.799742 -0.056582 -0.597671 15.792170 0.000000 0.000000 0.000000 1.000000
-0.587486 0.207659 0.782137 7.925947 0.081507 0.976784 -0.198116 88.121986 -0.805119 -0.052641 -0.590772 15.593077 0.000000 0.000000 0.000000 1.000000
-0.581308 0.207941 0.786665 7.502248 0.081806 0.976831 -0.197758 88.136337 -0.809561 -0.050604 -0.584851 15.350967 0.000000 0.000000 0.000000 1.000000
-0.576908 0.208873 0.789651 7.029931 0.082231 0.976692 -0.198271 88.140892 -0.812660 -0.049450 -0.580637 15.057172 0.000000 0.000000 0.000000 1.000000
-0.571897 0.208283 0.793443 6.517208 0.081613 0.976877 -0.197610 88.149002 -0.816255 -0.048257 -0.575672 14.731264 0.000000 0.000000 0.000000 1.000000
-0.568910 0.208230 0.795601 5.948771 0.080884 0.976891 -0.197841 88.106094 -0.818412 -0.048203 -0.572606 14.380039 0.000000 0.000000 0.000000 1.000000
-0.566104 0.207609 0.797762 5.416130 0.079211 0.976988 -0.198042 88.032776 -0.820519 -0.048921 -0.569522 14.005611 0.000000 0.000000 0.000000 1.000000
-0.564462 0.207886 0.798853 4.891342 0.078506 0.976901 -0.198749 87.941299 -0.821717 -0.049472 -0.567744 13.623216 0.000000 0.000000 0.000000 1.000000
-0.562804 0.206249 0.800445 4.351717 0.076583 0.977216 -0.197950 87.881248 -0.823035 -0.050107 -0.565776 13.209682 0.000000 0.000000 0.000000 1.000000
-0.562535 0.204316 0.801130 3.862646 0.074693 0.977580 -0.196869 87.823875 -0.823392 -0.050906 -0.565185 12.766295 0.000000 0.000000 0.000000 1.000000
-0.563873 0.199689 0.801356 3.401059 0.071525 0.978490 -0.193500 87.776016 -0.822759 -0.051793 -0.566026 12.311473 0.000000 0.000000 0.000000 1.000000
-0.565696 0.195757 0.801042 3.016320 0.068084 0.979185 -0.191210 87.711479 -0.821799 -0.053629 -0.567249 11.867865 0.000000 0.000000 0.000000 1.000000
-0.567909 0.192407 0.800287 2.712090 0.065644 0.979785 -0.188979 87.636337 -0.820470 -0.054788 -0.569059 11.464849 0.000000 0.000000 0.000000 1.000000
-0.567451 0.190478 0.801072 2.515481 0.063301 0.980088 -0.188204 87.555664 -0.820970 -0.056088 -0.568210 11.133424 0.000000 0.000000 0.000000 1.000000
-0.568841 0.188082 0.800653 2.413857 0.062463 0.980568 -0.185968 87.524475 -0.820072 -0.055776 -0.569536 10.832000 0.000000 0.000000 0.000000 1.000000
-0.571609 0.186272 0.799103 2.443386 0.061475 0.980876 -0.184669 87.622803 -0.818220 -0.056433 -0.572129 10.569707 0.000000 0.000000 0.000000 1.000000
-0.573956 0.188903 0.796800 2.377404 0.059267 0.980060 -0.189658 87.814774 -0.816738 -0.061631 -0.573707 10.166614 0.000000 0.000000 0.000000 1.000000
-0.574320 0.193411 0.795455 2.352271 0.056671 0.978752 -0.197063 88.103760 -0.816667 -0.068098 -0.573077 9.852841 0.000000 0.000000 0.000000 1.000000
-0.574045 0.198213 0.794471 2.337979 0.054323 0.977340 -0.204587 88.478348 -0.817020 -0.074284 -0.571805 9.635876 0.000000 0.000000 0.000000 1.000000
-0.573985 0.202972 0.793312 2.330698 0.051937 0.975867 -0.212102 88.867104 -0.817217 -0.080541 -0.570674 9.495255 0.000000 0.000000 0.000000 1.000000
-0.573945 0.207869 0.792071 2.329521 0.050183 0.974356 -0.219344 89.214912 -0.817355 -0.086143 -0.569659 9.428066 0.000000 0.000000 0.000000 1.000000
-0.573733 0.213098 0.790835 2.339118 0.049152 0.972778 -0.226466 89.459846 -0.817566 -0.091060 -0.568589 9.422277 0.000000 0.000000 0.000000 1.000000</float_array><technique_common><accessor source="#Hips-Matrix-animation-output-transform-array" count="91" stride="16"><param type="float4x4"/></accessor></technique_common></source><source id="Hips-Interpolations"><Name_array id="Hips-Interpolations-array" count="91">
 LINEAR LINEAR LINEAR LINEAR LINEAR LINEAR LINEAR LINEAR LINEAR LINEAR LINEAR
LINEAR LINEAR LINEAR LINEAR LINEAR LINEAR LINEAR LINEAR LINEAR LINEAR LINEAR LINEAR
LINEAR LINEAR LINEAR LINEAR LINEAR LINEAR LINEAR LINEAR LINEAR LINEAR LINEAR LINEAR
LINEAR LINEAR LINEAR LINEAR LINEAR LINEAR LINEAR LINEAR LINEAR LINEAR LINEAR LINEAR
LINEAR LINEAR LINEAR LINEAR LINEAR LINEAR LINEAR LINEAR LINEAR LINEAR LINEAR LINEAR
LINEAR LINEAR LINEAR LINEAR LINEAR LINEAR LINEAR LINEAR LINEAR LINEAR LINEAR LINEAR
LINEAR LINEAR LINEAR LINEAR LINEAR LINEAR LINEAR LINEAR LINEAR LINEAR LINEAR LINEAR
LINEAR LINEAR LINEAR LINEAR LINEAR LINEAR LINEAR LINEAR</Name_array><technique_common><accessor source="#Hips-Interpolations-array" count="91"><param type="name"/></accessor></technique_common></source><sampler id="Hips-Matrix-animation-transform"><input semantic="INPUT" source="#Hips-Matrix-animation-input"/><input semantic="OUTPUT" source="#Hips-Matrix-animation-output-transform"/><input semantic="INTERPOLATION" source="#Hips-Interpolations"/></sampler><channel source="#Hips-Matrix-animation-transform" target="Hips/matrix"/></animation>
    <animation id="Spine-anim" name="Spine"><source id="Spine-Matrix-animation-input"><float_array id="Spine-Matrix-animation-input-array" count="91">

0.000000 0.033333 0.066667 0.100000 0.133333 0.166667 0.200000 0.233333 0.266667 0.300000 0.333333 0.366667 0.400000 0.433333 0.466667 0.500000
0.533333 0.566667 0.600000 0.633333 0.666667 0.700000 0.733333 0.766667 0.800000 0.833333 0.866667 0.900000 0.933333 0.966667 1.000000 1.033333
1.066667 1.100000 1.133333 1.166667 1.200000 1.233333 1.266667 1.300000 1.333333 1.366667 1.400000 1.433333 1.466667 1.500000 1.533333 1.566667
1.600000 1.633333 1.666667 1.700000 1.733333 1.766667 1.800000 1.833333 1.866667 1.900000 1.933333 1.966667 2.000000 2.033333 2.066667 2.100000
2.133333 2.166667 2.200000 2.233333 2.266667 2.300000 2.333333 2.366667 2.400000 2.433333 2.466667 2.500000 2.533333 2.566667 2.600000 2.633333
2.666667 2.700000 2.733333 2.766667 2.800000 2.833333 2.866667 2.900000 2.933333 2.966667 3.000000</float_array><technique_common><accessor source="#Spine-Matrix-animation-input-array" count="91"><param name="TIME" type="float"/></accessor></technique_common></source><source id="Spine-Matrix-animation-output-transform"><float_array id="Spine-Matrix-animation-output-transform-array" count="1456">

0.999583 -0.018352 -0.022302 -0.002400 0.013484 0.979381 -0.201573 12.777500 0.025542 0.201188 0.979219 0.315300 0.000000 0.000000 0.000000 1.000000
0.999545 -0.019336 -0.023155 -0.002400 0.014269 0.979315 -0.201837 12.777500 0.026579 0.201415 0.979145 0.315300 0.000000 0.000000 0.000000 1.000000
0.999496 -0.020233 -0.024446 -0.002400 0.014883 0.979269 -0.202019 12.777500 0.028027 0.201553 0.979076 0.315300 0.000000 0.000000 0.000000 1.000000
0.999431 -0.021092 -0.026320 -0.002400 0.015338 0.979205 -0.202293 12.777500 0.030040 0.201774 0.978971 0.315300 0.000000 0.000000 0.000000 1.000000
0.999345 -0.022181 -0.028599 -0.002400 0.015935 0.979134 -0.202589 12.777500 0.032496 0.202001 0.978846 0.315300 0.000000 0.000000 0.000000 1.000000
0.999227 -0.023532 -0.031502 -0.002400 0.016673 0.979127 -0.202564 12.777500 0.035611 0.201883 0.978762 0.315300 0.000000 0.000000 0.000000 1.000000
0.999072 -0.024653 -0.035315 -0.002400 0.017006 0.979148 -0.202435 12.777500 0.039569 0.201647 0.978659 0.315300 0.000000 0.000000 0.000000 1.000000
0.998908 -0.024747 -0.039621 -0.002400 0.016225 0.979144 -0.202520 12.777500 0.043806 0.201656 0.978476 0.315300 0.000000 0.000000 0.000000 1.000000
0.998800 -0.023332 -0.043061 -0.002400 0.014152 0.979218 -0.202315 12.777500 0.046887 0.201463 0.978373 0.315300 0.000000 0.000000 0.000000 1.000000
0.998814 -0.021095 -0.043887 -0.002400 0.011817 0.979354 -0.201805 12.777500 0.047238 0.201047 0.978442 0.315300 0.000000 0.000000 0.000000 1.000000
0.998990 -0.018231 -0.041078 -0.002400 0.009610 0.979538 -0.201032 12.777500 0.043902 0.200434 0.978723 0.315300 0.000000 0.000000 0.000000 1.000000
0.999306 -0.013889 -0.034566 -0.002400 0.006726 0.979916 -0.199296 12.777500 0.036640 0.198925 0.979329 0.315300 0.000000 0.000000 0.000000 1.000000
0.999624 -0.008476 -0.026094 -0.002400 0.003169 0.980387 -0.197058 12.777500 0.027252 0.196902 0.980044 0.315300 0.000000 0.000000 0.000000 1.000000
0.999823 -0.004252 -0.018355 -0.002400 0.000572 0.980605 -0.195994 12.777500 0.018832 0.195949 0.980433 0.315300 0.000000 0.000000 0.000000 1.000000
0.999924 -0.002126 -0.012142 -0.002400 -0.000306 0.980440 -0.196819 12.777500 0.012322 0.196808 0.980365 0.315300 0.000000 0.000000 0.000000 1.000000
0.999982 -0.000215 -0.005999 -0.002400 -0.000978 0.980174 -0.198134 12.777500 0.005922 0.198137 0.980156 0.315300 0.000000 0.000000 0.000000 1.000000
0.999991 0.003545 0.002116 -0.002400 -0.003055 0.980087 -0.198547 12.777500 -0.002778 0.198539 0.980089 0.315300 0.000000 0.000000 0.000000 1.000000
0.999876 0.008630 0.013156 -0.002400 -0.005840 0.979972 -0.199047 12.777500 -0.014611 0.198946 0.979902 0.315300 0.000000 0.000000 0.000000 1.000000
0.999560 0.015057 0.025564 -0.002400 -0.009651 0.979797 -0.199761 12.777500 -0.028056 0.199426 0.979511 0.315300 0.000000 0.000000 0.000000 1.000000
0.998969 0.024408 0.038265 -0.002400 -0.016256 0.979568 -0.200455 12.777500 -0.042376 0.199627 0.978955 0.315300 0.000000 0.000000 0.000000 1.000000
0.998247 0.032236 0.049631 -0.002400 -0.021454 0.978701 -0.204166 12.777500 -0.055155 0.202744 0.977677 0.315300 0.000000 0.000000 0.000000 1.000000
0.997958 0.029926 0.056425 -0.002400 -0.017381 0.977344 -0.210941 12.777500 -0.061459 0.209530 0.975869 0.315300 0.000000 0.000000 0.000000 1.000000
0.998075 0.018334 0.059253 -0.002400 -0.005182 0.976623 -0.214898 12.777500 -0.061807 0.214177 0.974838 0.315300 0.000000 0.000000 0.000000 1.000000
0.998019 0.006462 0.062574 -0.002400 0.007113 0.976739 -0.214315 12.777500 -0.062504 0.214336 0.974758 0.315300 0.000000 0.000000 0.000000 1.000000
0.997743 0.001862 0.067121 -0.002400 0.012403 0.977304 -0.211479 12.777500 -0.065992 0.211835 0.975075 0.315300 0.000000 0.000000 0.000000 1.000000
0.997468 0.001862 0.071089 -0.002400 0.013048 0.977894 -0.208695 12.777500 -0.069906 0.209094 0.975394 0.315300 0.000000 0.000000 0.000000 1.000000
0.997478 0.002903 0.070915 -0.002400 0.011933 0.978080 -0.207886 12.777500 -0.069964 0.208208 0.975579 0.315300 0.000000 0.000000 0.000000 1.000000
0.997990 0.005816 0.063105 -0.002400 0.007401 0.978271 -0.207198 12.777500 -0.062939 0.207249 0.976262 0.315300 0.000000 0.000000 0.000000 1.000000
0.998707 0.007481 0.050288 -0.002400 0.002940 0.978964 -0.204011 12.777500 -0.050756 0.203895 0.977676 0.315300 0.000000 0.000000 0.000000 1.000000
0.999313 0.007764 0.036226 -0.002400 -0.000365 0.979809 -0.199936 12.777500 -0.037047 0.199785 0.979139 0.315300 0.000000 0.000000 0.000000 1.000000
0.999680 0.006442 0.024444 -0.002400 -0.001465 0.980119 -0.198403 12.777500 -0.025236 0.198304 0.979816 0.315300 0.000000 0.000000 0.000000 1.000000
0.999877 0.003213 0.015377 -0.002400 -0.000074 0.979816 -0.199901 12.777500 -0.015709 0.199875 0.979695 0.315300 0.000000 0.000000 0.000000 1.000000
0.999964 0.000941 0.008388 -0.002400 0.000764 0.979589 -0.201009 12.777500 -0.008405 0.201008 0.979554 0.315300 0.000000 0.000000 0.000000 1.000000
0.999988 0.000481 0.004809 -0.002400 0.000490 0.979807 -0.199947 12.777500 -0.004808 0.199947 0.979795 0.315300 0.000000 0.000000 0.000000 1.000000
0.999977 0.002162 0.006504 -0.002400 -0.000825 0.980009 -0.198950 12.777500 -0.006804 0.198940 0.979988 0.315300 0.000000 0.000000 0.000000 1.000000
0.999900 0.006606 0.012511 -0.002400 -0.003981 0.979945 -0.199228 12.777500 -0.013576 0.199159 0.979873 0.315300 0.000000 0.000000 0.000000 1.000000
0.999730 0.013552 0.018858 -0.002400 -0.009523 0.979885 -0.199334 12.777500 -0.021180 0.199100 0.979750 0.315300 0.000000 0.000000 0.000000 1.000000
0.999435 0.023529 0.024007 -0.002400 -0.018279 0.979768 -0.199301 12.777500 -0.028211 0.198749 0.979644 0.315300 0.000000 0.000000 0.000000 1.000000
0.999084 0.034107 0.025834 -0.002400 -0.028236 0.979223 -0.200811 12.777500 -0.032146 0.199898 0.979289 0.315300 0.000000 0.000000 0.000000 1.000000
0.998831 0.042271 0.023458 -0.002400 -0.036616 0.978322 -0.203828 12.777500 -0.031566 0.202731 0.978726 0.315300 0.000000 0.000000 0.000000 1.000000
0.998749 0.045575 0.020575 -0.002400 -0.040361 0.977643 -0.206363 12.777500 -0.029520 0.205275 0.978259 0.315300 0.000000 0.000000 0.000000 1.000000
0.998838 0.044907 0.017486 -0.002400 -0.040288 0.977229 -0.208330 12.777500 -0.026443 0.207383 0.977902 0.315300 0.000000 0.000000 0.000000 1.000000
0.999001 0.041664 0.016136 -0.002400 -0.037347 0.976927 -0.210285 12.777500 -0.024525 0.209472 0.977507 0.315300 0.000000 0.000000 0.000000 1.000000
0.999105 0.039529 0.015068 -0.002400 -0.035441 0.976614 -0.212060 12.777500 -0.023098 0.211336 0.977141 0.315300 0.000000 0.000000 0.000000 1.000000
0.999217 0.037605 0.012284 -0.002400 -0.034107 0.976215 -0.214106 12.777500 -0.020043 0.213519 0.976733 0.315300 0.000000 0.000000 0.000000 1.000000
0.999400 0.033788 0.007626 -0.002400 -0.031336 0.975770 -0.216543 12.777500 -0.014758 0.216174 0.976243 0.315300 0.000000 0.000000 0.000000 1.000000
0.999621 0.027394 0.002698 -0.002400 -0.026141 0.975431 -0.218749 12.777500 -0.008624 0.218595 0.975778 0.315300 0.000000 0.000000 0.000000 1.000000
0.999752 0.022055 -0.002928 -0.002400 -0.022158 0.975117 -0.220579 12.777500 -0.002010 0.220589 0.975365 0.315300 0.000000 0.000000 0.000000 1.000000
0.999771 0.019292 -0.009297 -0.002400 -0.020875 0.974830 -0.221970 12.777500 0.004781 0.222113 0.975009 0.315300 0.000000 0.000000 0.000000 1.000000
0.999717 0.017564 -0.016070 -0.002400 -0.020708 0.974579 -0.223083 12.777500 0.011743 0.223353 0.974667 0.315300 0.000000 0.000000 0.000000 1.000000
0.999626 0.014962 -0.022870 -0.002400 -0.019711 0.974358 -0.224140 12.777500 0.018930 0.224507 0.974289 0.315300 0.000000 0.000000 0.000000 1.000000
0.999499 0.013643 -0.028550 -0.002400 -0.019688 0.974492 -0.223559 12.777500 0.024772 0.224009 0.974272 0.315300 0.000000 0.000000 0.000000 1.000000
0.999365 0.015062 -0.032288 -0.002400 -0.021816 0.975183 -0.220321 12.777500 0.028168 0.220885 0.974893 0.315300 0.000000 0.000000 0.000000 1.000000
0.999276 0.015771 -0.034619 -0.002400 -0.022915 0.975935 -0.216853 12.777500 0.030366 0.217489 0.975590 0.315300 0.000000 0.000000 0.000000 1.000000
0.999277 0.014507 -0.035134 -0.002400 -0.021703 0.976585 -0.214036 12.777500 0.031206 0.214643 0.976194 0.315300 0.000000 0.000000 0.000000 1.000000
0.999295 0.014089 -0.034808 -0.002400 -0.021112 0.977368 -0.210489 12.777500 0.031055 0.211076 0.976976 0.315300 0.000000 0.000000 0.000000 1.000000
0.999253 0.013443 -0.036231 -0.002400 -0.020678 0.978038 -0.207399 12.777500 0.032647 0.207993 0.977585 0.315300 0.000000 0.000000 0.000000 1.000000
0.999178 0.011038 -0.039006 -0.002400 -0.018855 0.978342 -0.206136 12.777500 0.035886 0.206702 0.977746 0.315300 0.000000 0.000000 0.000000 1.000000
0.999132 0.008308 -0.040816 -0.002400 -0.016544 0.978448 -0.205827 12.777500 0.038227 0.206324 0.977737 0.315300 0.000000 0.000000 0.000000 1.000000
0.999127 0.005690 -0.041394 -0.002400 -0.014105 0.978462 -0.205945 12.777500 0.039331 0.206349 0.977688 0.315300 0.000000 0.000000 0.000000 1.000000
0.999169 0.002915 -0.040660 -0.002400 -0.011235 0.978503 -0.205926 12.777500 0.039185 0.206212 0.977722 0.315300 0.000000 0.000000 0.000000 1.000000
0.999194 0.000601 -0.040130 -0.002400 -0.008800 0.978835 -0.204461 12.777500 0.039157 0.204649 0.978052 0.315300 0.000000 0.000000 0.000000 1.000000
0.999128 -0.001650 -0.041719 -0.002400 -0.006819 0.979352 -0.202047 12.777500 0.041191 0.202156 0.978487 0.315300 0.000000 0.000000 0.000000 1.000000
0.999039 -0.003768 -0.043667 -0.002400 -0.005068 0.979684 -0.200482 12.777500 0.043535 0.200511 0.978724 0.315300 0.000000 0.000000 0.000000 1.000000
0.999013 -0.004490 -0.044180 -0.002400 -0.004445 0.979771 -0.200074 12.777500 0.044185 0.200073 0.978784 0.315300 0.000000 0.000000 0.000000 1.000000
0.998942 -0.004888 -0.045727 -0.002400 -0.004368 0.979759 -0.200135 12.777500 0.045780 0.200123 0.978701 0.315300 0.000000 0.000000 0.000000 1.000000
0.998751 -0.006379 -0.049561 -0.002400 -0.003679 0.979740 -0.200241 12.777500 0.049834 0.200174 0.978492 0.315300 0.000000 0.000000 0.000000 1.000000
0.998529 -0.008381 -0.053575 -0.002400 -0.002548 0.979640 -0.200744 12.777500 0.054167 0.200585 0.978178 0.315300 0.000000 0.000000 0.000000 1.000000
0.998437 -0.009400 -0.055092 -0.002400 -0.001968 0.979232 -0.202736 12.777500 0.055854 0.202527 0.977683 0.315300 0.000000 0.000000 0.000000 1.000000
0.998452 -0.009658 -0.054782 -0.002400 -0.001765 0.978817 -0.204732 12.777500 0.055599 0.204511 0.977284 0.315300 0.000000 0.000000 0.000000 1.000000
0.998485 -0.009950 -0.054119 -0.002400 -0.001365 0.978737 -0.205116 12.777500 0.055009 0.204879 0.977240 0.315300 0.000000 0.000000 0.000000 1.000000
0.998466 -0.010535 -0.054366 -0.002400 -0.000829 0.978785 -0.204888 12.777500 0.055371 0.204618 0.977275 0.315300 0.000000 0.000000 0.000000 1.000000
0.998383 -0.011260 -0.055722 -0.002400 -0.000386 0.978824 -0.204705 12.777500 0.056847 0.204395 0.977236 0.315300 0.000000 0.000000 0.000000 1.000000
0.998329 -0.011361 -0.056658 -0.002400 -0.000489 0.978784 -0.204893 12.777500 0.057784 0.204578 0.977143 0.315300 0.000000 0.000000 0.000000 1.000000
0.998332 -0.011181 -0.056644 -0.002400 -0.000695 0.978672 -0.205428 12.777500 0.057732 0.205124 0.977032 0.315300 0.000000 0.000000 0.000000 1.000000
0.998387 -0.011264 -0.055654 -0.002400 -0.000414 0.978658 -0.205493 12.777500 0.056781 0.205185 0.977075 0.315300 0.000000 0.000000 0.000000 1.000000
0.998473 -0.011286 -0.054079 -0.002400 -0.000040 0.978762 -0.205002 12.777500 0.055244 0.204691 0.977266 0.315300 0.000000 0.000000 0.000000 1.000000
0.998497 -0.011162 -0.053658 -0.002400 -0.000075 0.978762 -0.204998 12.777500 0.054807 0.204694 0.977290 0.315300 0.000000 0.000000 0.000000 1.000000
0.998520 -0.011059 -0.053248 -0.002400 -0.000155 0.978524 -0.206134 12.777500 0.054384 0.205837 0.977074 0.315300 0.000000 0.000000 0.000000 1.000000
0.998677 -0.010473 -0.050336 -0.002400 -0.000207 0.978205 -0.207642 12.777500 0.051413 0.207378 0.976909 0.315300 0.000000 0.000000 0.000000 1.000000
0.998946 -0.008859 -0.045039 -0.002400 -0.000722 0.978047 -0.208385 12.777500 0.045896 0.208198 0.977009 0.315300 0.000000 0.000000 0.000000 1.000000
0.999140 -0.006865 -0.040898 -0.002400 -0.001818 0.978003 -0.208581 12.777500 0.041431 0.208476 0.977149 0.315300 0.000000 0.000000 0.000000 1.000000
0.999221 -0.004596 -0.039207 -0.002400 -0.003691 0.977971 -0.208707 12.777500 0.039303 0.208689 0.977192 0.315300 0.000000 0.000000 0.000000 1.000000
0.999272 -0.002551 -0.038070 -0.002400 -0.005458 0.977946 -0.208788 12.777500 0.037763 0.208843 0.977220 0.315300 0.000000 0.000000 0.000000 1.000000
0.999359 -0.001428 -0.035769 -0.002400 -0.006057 0.978051 -0.208280 12.777500 0.035281 0.208363 0.977415 0.315300 0.000000 0.000000 0.000000 1.000000
0.999435 -0.001590 -0.033568 -0.002400 -0.005397 0.978320 -0.207026 12.777500 0.033169 0.207091 0.977759 0.315300 0.000000 0.000000 0.000000 1.000000
0.999499 -0.003477 -0.031469 -0.002400 -0.003064 0.978662 -0.205456 12.777500 0.031512 0.205449 0.978160 0.315300 0.000000 0.000000 0.000000 1.000000
0.999553 -0.006549 -0.029185 -0.002400 0.000453 0.978937 -0.204160 12.777500 0.029908 0.204055 0.978502 0.315300 0.000000 0.000000 0.000000 1.000000
0.999586 -0.010228 -0.026876 -0.002400 0.004556 0.979133 -0.203169 12.777500 0.028393 0.202963 0.978775 0.315300 0.000000 0.000000 0.000000 1.000000
0.999597 -0.014086 -0.024666 -0.002400 0.008808 0.979290 -0.202272 12.777500 0.027004 0.201973 0.979019 0.315300 0.000000 0.000000 0.000000 1.000000
0.999581 -0.018165 -0.022538 -0.002400 0.013252 0.979378 -0.201602 12.777500 0.025735 0.201219 0.979208 0.315300 0.000000 0.000000 0.000000 1.000000</float_array><technique_common><accessor source="#Spine-Matrix-animation-output-transform-array" count="91" stride="16"><param type="float4x4"/></accessor></technique_common></source><source id="Spine-Interpolations"><Name_array id="Spine-Interpolations-array" count="91">
 LINEAR LINEAR LINEAR LINEAR LINEAR LINEAR LINEAR LINEAR LINEAR LINEAR LINEAR
LINEAR LINEAR LINEAR LINEAR LINEAR LINEAR LINEAR LINEAR LINEAR LINEAR LINEAR LINEAR
LINEAR LINEAR LINEAR LINEAR LINEAR LINEAR LINEAR LINEAR LINEAR LINEAR LINEAR LINEAR
LINEAR LINEAR LINEAR LINEAR LINEAR LINEAR LINEAR LINEAR LINEAR LINEAR LINEAR LINEAR
LINEAR LINEAR LINEAR LINEAR LINEAR LINEAR LINEAR LINEAR LINEAR LINEAR LINEAR LINEAR
LINEAR LINEAR LINEAR LINEAR LINEAR LINEAR LINEAR LINEAR LINEAR LINEAR LINEAR LINEAR
LINEAR LINEAR LINEAR LINEAR LINEAR LINEAR LINEAR LINEAR LINEAR LINEAR LINEAR LINEAR
LINEAR LINEAR LINEAR LINEAR LINEAR LINEAR LINEAR LINEAR</Name_array><technique_common><accessor source="#Spine-Interpolations-array" count="91"><param type="name"/></accessor></technique_common></source><sampler id="Spine-Matrix-animation-transform"><input semantic="INPUT" source="#Spine-Matrix-animation-input"/><input semantic="OUTPUT" source="#Spine-Matrix-animation-output-transform"/><input semantic="INTERPOLATION" source="#Spine-Interpolations"/></sampler><channel source="#Spine-Matrix-animation-transform" target="Spine/matrix"/></animation>
    <animation id="Spine1-anim" name="Spine1"><source id="Spine1-Matrix-animation-input"><float_array id="Spine1-Matrix-animation-input-array" count="91">

0.000000 0.033333 0.066667 0.100000 0.133333 0.166667 0.200000 0.233333 0.266667 0.300000 0.333333 0.366667 0.400000 0.433333 0.466667 0.500000
0.533333 0.566667 0.600000 0.633333 0.666667 0.700000 0.733333 0.766667 0.800000 0.833333 0.866667 0.900000 0.933333 0.966667 1.000000 1.033333
1.066667 1.100000 1.133333 1.166667 1.200000 1.233333 1.266667 1.300000 1.333333 1.366667 1.400000 1.433333 1.466667 1.500000 1.533333 1.566667
1.600000 1.633333 1.666667 1.700000 1.733333 1.766667 1.800000 1.833333 1.866667 1.900000 1.933333 1.966667 2.000000 2.033333 2.066667 2.100000
2.133333 2.166667 2.200000 2.233333 2.266667 2.300000 2.333333 2.366667 2.400000 2.433333 2.466667 2.500000 2.533333 2.566667 2.600000 2.633333
2.666667 2.700000 2.733333 2.766667 2.800000 2.833333 2.866667 2.900000 2.933333 2.966667 3.000000</float_array><technique_common><accessor source="#Spine1-Matrix-animation-input-array" count="91"><param name="TIME" type="float"/></accessor></technique_common></source><source id="Spine1-Matrix-animation-output-transform"><float_array id="Spine1-Matrix-animation-output-transform-array" count="1456">

0.999761 -0.011244 -0.018729 -0.002900 0.008390 0.989246 -0.146018 8.819500 0.020169 0.145826 0.989105 0.086600 0.000000 0.000000 0.000000 1.000000
0.999741 -0.011849 -0.019421 -0.002900 0.008883 0.989212 -0.146219 8.819500 0.020944 0.146009 0.989062 0.086600 0.000000 0.000000 0.000000 1.000000
0.999714 -0.012413 -0.020444 -0.002900 0.009291 0.989197 -0.146296 8.819500 0.022039 0.146065 0.989030 0.086600 0.000000 0.000000 0.000000 1.000000
0.999675 -0.012944 -0.021950 -0.002900 0.009592 0.989173 -0.146440 8.819500 0.023607 0.146182 0.988976 0.086600 0.000000 0.000000 0.000000 1.000000
0.999624 -0.013520 -0.023844 -0.002900 0.009880 0.989139 -0.146651 8.819500 0.025568 0.146360 0.988901 0.086600 0.000000 0.000000 0.000000 1.000000
0.999555 -0.014002 -0.026340 -0.002900 0.009994 0.989149 -0.146576 8.819500 0.028107 0.146248 0.988849 0.086600 0.000000 0.000000 0.000000 1.000000
0.999462 -0.013998 -0.029649 -0.002900 0.009512 0.989185 -0.146362 8.819500 0.031377 0.146001 0.988787 0.086600 0.000000 0.000000 0.000000 1.000000
0.999358 -0.013062 -0.033368 -0.002900 0.008042 0.989198 -0.146368 8.819500 0.034919 0.146005 0.988667 0.086600 0.000000 0.000000 0.000000 1.000000
0.999279 -0.011153 -0.036298 -0.002900 0.005729 0.989233 -0.146238 8.819500 0.037539 0.145924 0.988583 0.086600 0.000000 0.000000 0.000000 1.000000
0.999273 -0.008965 -0.037058 -0.002900 0.003464 0.989290 -0.145925 8.819500 0.037970 0.145690 0.988601 0.086600 0.000000 0.000000 0.000000 1.000000
0.999371 -0.006744 -0.034826 -0.002900 0.001606 0.989355 -0.145513 8.819500 0.035437 0.145365 0.988743 0.086600 0.000000 0.000000 0.000000 1.000000
0.999557 -0.003878 -0.029506 -0.002900 -0.000427 0.989504 -0.144503 8.819500 0.029756 0.144452 0.989064 0.086600 0.000000 0.000000 0.000000 1.000000
0.999745 -0.000396 -0.022566 -0.002900 -0.002837 0.989707 -0.143078 8.819500 0.022390 0.143106 0.989454 0.086600 0.000000 0.000000 0.000000 1.000000
0.999862 0.002553 -0.016391 -0.002900 -0.004864 0.989783 -0.142499 8.819500 0.015860 0.142559 0.989659 0.086600 0.000000 0.000000 0.000000 1.000000
0.999924 0.004249 -0.011603 -0.002900 -0.005870 0.989638 -0.143462 8.819500 0.010873 0.143519 0.989588 0.086600 0.000000 0.000000 0.000000 1.000000
0.999962 0.005526 -0.006795 -0.002900 -0.006452 0.989432 -0.144856 8.819500 0.005922 0.144895 0.989429 0.086600 0.000000 0.000000 0.000000 1.000000
0.999968 0.007949 -0.000312 -0.002900 -0.007910 0.989282 -0.145803 8.819500 -0.000850 0.145801 0.989314 0.086600 0.000000 0.000000 0.000000 1.000000
0.999895 0.011880 0.008239 -0.002900 -0.010539 0.989058 -0.147150 8.819500 -0.009897 0.147048 0.989080 0.086600 0.000000 0.000000 0.000000 1.000000
0.999696 0.017126 0.017712 -0.002900 -0.014310 0.988816 -0.148450 8.819500 -0.020056 0.148151 0.988761 0.086600 0.000000 0.000000 0.000000 1.000000
0.999332 0.023697 0.027818 -0.002900 -0.019282 0.988580 -0.149460 8.819500 -0.031042 0.148823 0.988376 0.086600 0.000000 0.000000 0.000000 1.000000
0.998899 0.028851 0.037004 -0.002900 -0.022862 0.987943 -0.153121 8.819500 -0.040975 0.152106 0.987514 0.086600 0.000000 0.000000 0.000000 1.000000
0.998744 0.028571 0.041165 -0.002900 -0.021662 0.986969 -0.159443 8.819500 -0.045184 0.158351 0.986348 0.086600 0.000000 0.000000 0.000000 1.000000
0.998910 0.023255 0.040477 -0.002900 -0.016340 0.986415 -0.163455 8.819500 -0.043728 0.162615 0.985720 0.086600 0.000000 0.000000 0.000000 1.000000
0.999050 0.016997 0.040115 -0.002900 -0.010192 0.986387 -0.164125 8.819500 -0.042359 0.163560 0.985624 0.086600 0.000000 0.000000 0.000000 1.000000
0.998998 0.013507 0.042666 -0.002900 -0.006381 0.986618 -0.162926 8.819500 -0.044296 0.162490 0.985715 0.086600 0.000000 0.000000 0.000000 1.000000
0.998869 0.012880 0.045760 -0.002900 -0.005352 0.986943 -0.160984 8.819500 -0.047236 0.160557 0.985896 0.086600 0.000000 0.000000 0.000000 1.000000
0.998857 0.013807 0.045751 -0.002900 -0.006320 0.987110 -0.159917 8.819500 -0.047369 0.159445 0.986070 0.086600 0.000000 0.000000 0.000000 1.000000
0.999039 0.015294 0.041079 -0.002900 -0.008590 0.987293 -0.158676 8.819500 -0.042984 0.158170 0.986476 0.086600 0.000000 0.000000 0.000000 1.000000
0.999348 0.015682 0.032519 -0.002900 -0.010425 0.987712 -0.155936 8.819500 -0.034565 0.155495 0.987232 0.086600 0.000000 0.000000 0.000000 1.000000
0.999630 0.013937 0.023373 -0.002900 -0.010192 0.988126 -0.153307 8.819500 -0.025232 0.153012 0.987902 0.086600 0.000000 0.000000 0.000000 1.000000
0.999816 0.010422 0.016122 -0.002900 -0.007833 0.988195 -0.153003 8.819500 -0.017527 0.152848 0.988094 0.086600 0.000000 0.000000 0.000000 1.000000
0.999924 0.006132 0.010715 -0.002900 -0.004400 0.987944 -0.154752 8.819500 -0.011535 0.154693 0.987895 0.086600 0.000000 0.000000 0.000000 1.000000
0.999971 0.002587 0.007161 -0.002900 -0.001441 0.987796 -0.155749 8.819500 -0.007476 0.155734 0.987771 0.086600 0.000000 0.000000 0.000000 1.000000
0.999982 0.000643 0.005991 -0.002900 0.000293 0.987929 -0.154910 8.819500 -0.006018 0.154909 0.987910 0.086600 0.000000 0.000000 0.000000 1.000000
0.999962 0.000429 0.008686 -0.002900 0.000917 0.988026 -0.154287 8.819500 -0.008648 0.154290 0.987988 0.086600 0.000000 0.000000 0.000000 1.000000
0.999888 0.001897 0.014865 -0.002900 0.000425 0.987960 -0.154709 8.819500 -0.014979 0.154698 0.987848 0.086600 0.000000 0.000000 0.000000 1.000000
0.999762 0.004597 0.021325 -0.002900 -0.001237 0.987917 -0.154978 8.819500 -0.021780 0.154914 0.987688 0.086600 0.000000 0.000000 0.000000 1.000000
0.999601 0.008956 0.026797 -0.002900 -0.004689 0.987865 -0.155243 8.819500 -0.027862 0.155056 0.987513 0.086600 0.000000 0.000000 0.000000 1.000000
