<?xml version="1.0" encoding="utf-8"?>
<COLLADA xmlns="http://www.collada.org/2005/11/COLLADASchema" version="1.4.1">
  <asset><contributor><author>Mixamo</author><authoring_tool>COLLADA Mixamo exporter</authoring_tool><comments></comments></contributor><created>2018-10-29T12:22:51Z</created><modified>2018-10-29T12:22:51Z</modified><revision></revision><title></title><unit meter="0.010000"/><up_axis>Y_UP</up_axis></asset>
  <library_animations>
    <animation id="Hips-anim" name="Hips"><source id="Hips-Matrix-animation-input"><float_array id="Hips-Matrix-animation-input-array" count="91">

0.000000 0.033333 0.066667 0.100000 0.133333 0.166667 0.200000 0.233333 0.266667 0.300000 0.333333 0.366667 0.400000 0.433333 0.466667 0.500000
0.533333 0.566667 0.600000 0.633333 0.666667 0.700000 0.733333 0.766667 0.800000 0.833333 0.866667 0.900000 0.933333 0.966667 1.000000 1.033333
1.066667 1.100000 1.133333 1.166667 1.200000 1.233333 1.266667 1.300000 1.333333 1.366667 1.400000 1.433333 1.466667 1.500000 1.533333 1.566667
1.600000 1.633333 1.666667 1.700000 1.733333 1.766667 1.800000 1.833333 1.866667 1.900000 1.933333 1.966667 2.000000 2.033333 2.066667 2.100000
2.133333 2.166667 2.200000 2.233333 2.266667 2.300000 2.333333 2.366667 2.400000 2.433333 2.466667 2.500000 2.533333 2.566667 2.600000 2.633333
2.666667 2.700000 2.733333 2.766667 2.800000 2.833333 2.866667 2.900000 2.933333 2.966667 3.000000</float_array><technique_common><accessor source="#Hips-Matrix-animation-input-array" count="91"><param name="TIME" type="float"/></accessor></technique_common></source><source id="Hips-Matrix-animation-output-transform"><float_array id="Hips-Matrix-animation-output-transform-array" count="1456">

0.970314 -0.016097 -0.241314 0.842154 -0.040103 0.973261 -0.226176 89.636658 0.238502 0.229139 0.943722 1.253522 0.000000 0.000000 0.000000 1.000000
0.971485 -0.016332 -0.236539 0.722482 -0.038558 0.973463 -0.225574 89.769043 0.233946 0.228262 0.945074 1.226271 0.000000 0.000000 0.000000 1.000000
0.972472 -0.016576 -0.232430 0.574920 -0.037210 0.973621 -0.225119 89.783760 0.230030 0.227570 0.946202 1.200039 0.000000 0.000000 0.000000 1.000000
0.972656 -0.016831 -0.231639 0.399281 -0.036559 0.973841 -0.224269 89.785423 0.229354 0.226605 0.946597 1.179555 0.000000 0.000000 0.000000 1.000000
0.972476 -0.018324 -0.232281 0.211259 -0.034840 0.974260 -0.222718 89.826866 0.230383 0.224681 0.946806 1.165261 0.000000 0.000000 0.000000 1.000000
0.971910 -0.020587 -0.234451 0.025003 -0.032766 0.974629 -0.221414 89.855301 0.233061 0.222877 0.946577 1.145385 0.000000 0.000000 0.000000 1.000000
0.970809 -0.022605 -0.238786 -0.153575 -0.031368 0.975033 -0.219832 89.864128 0.237793 0.220905 0.945862 1.115140 0.000000 0.000000 0.000000 1.000000
0.969481 -0.024217 -0.243967 -0.277540 -0.030334 0.975615 -0.217385 89.879845 0.243283 0.218151 0.945105 1.070623 0.000000 0.000000 0.000000 1.000000
0.968332 -0.026562 -0.248249 -0.357138 -0.028290 0.976247 -0.214805 89.878036 0.248058 0.215025 0.944580 1.026884 0.000000 0.000000 0.000000 1.000000
0.967358 -0.029454 -0.251698 -0.411270 -0.025659 0.976734 -0.212912 89.862129 0.252113 0.212421 0.944096 0.967989 0.000000 0.000000 0.000000 1.000000
0.967109 -0.031428 -0.252412 -0.452222 -0.023389 0.977146 -0.211280 89.824745 0.253283 0.210235 0.944272 0.902865 0.000000 0.000000 0.000000 1.000000
0.966843 -0.033018 -0.253228 -0.505581 -0.021932 0.977207 -0.211154 89.768211 0.254428 0.209707 0.944081 0.820593 0.000000 0.000000 0.000000 1.000000
0.966272 -0.036036 -0.254989 -0.536363 -0.020180 0.976521 -0.214476 89.663330 0.256731 0.212388 0.942858 0.738742 0.000000 0.000000 0.000000 1.000000
0.964684 -0.039278 -0.260467 -0.537639 -0.018868 0.975977 -0.217056 89.524361 0.262735 0.214305 0.940768 0.661738 0.000000 0.000000 0.000000 1.000000
0.962626 -0.041636 -0.267614 -0.476933 -0.018033 0.976066 -0.216727 89.395264 0.270233 0.213453 0.938835 0.612295 0.000000 0.000000 0.000000 1.000000
0.959484 -0.043914 -0.278321 -0.343433 -0.017488 0.976594 -0.214379 89.257660 0.281221 0.210561 0.936258 0.584756 0.000000 0.000000 0.000000 1.000000
0.956858 -0.043256 -0.287317 -0.018658 -0.020662 0.976223 -0.215784 88.901001 0.289819 0.212411 0.933213 0.626785 0.000000 0.000000 0.000000 1.000000
0.954395 -0.039704 -0.295895 0.581494 -0.025367 0.976748 -0.212883 88.499481 0.297467 0.210681 0.931197 0.729901 0.000000 0.000000 0.000000 1.000000
0.950266 -0.036438 -0.309300 1.529227 -0.031883 0.976532 -0.212998 88.136078 0.309803 0.212266 0.926804 0.929122 0.000000 0.000000 0.000000 1.000000
0.942102 -0.034469 -0.333550 2.987519 -0.041617 0.974993 -0.218302 88.032745 0.332734 0.219545 0.917109 1.227860 0.000000 0.000000 0.000000 1.000000
0.928968 -0.036273 -0.368379 5.196203 -0.052605 0.972149 -0.228382 88.264229 0.366403 0.231538 0.901187 1.567339 0.000000 0.000000 0.000000 1.000000
0.902068 -0.051230 -0.428543 8.039599 -0.056924 0.970134 -0.235797 88.804398 0.427824 0.237099 0.872210 1.992318 0.000000 0.000000 0.000000 1.000000
0.854376 -0.075643 -0.514120 11.120675 -0.066631 0.965236 -0.252746 89.434792 0.515365 0.250197 0.819634 2.639459 0.000000 0.000000 0.000000 1.000000
0.792977 -0.104971 -0.600140 14.082619 -0.077742 0.959559 -0.270560 89.913666 0.604271 0.261204 0.752748 3.369287 0.000000 0.000000 0.000000 1.000000
0.729112 -0.132580 -0.671430 16.862309 -0.086988 0.955148 -0.283064 90.307861 0.678843 0.264791 0.684878 4.268291 0.000000 0.000000 0.000000 1.000000
0.675222 -0.168177 -0.718186 19.052259 -0.084026 0.949785 -0.301411 90.286400 0.732812 0.263866 0.627185 5.381927 0.000000 0.000000 0.000000 1.000000
0.619653 -0.194933 -0.760284 20.690458 -0.080625 0.947734 -0.308706 90.072639 0.780724 0.252589 0.571549 6.551356 0.000000 0.000000 0.000000 1.000000
0.561774 -0.217524 -0.798181 21.978127 -0.081193 0.945659 -0.314860 89.772781 0.823297 0.241687 0.513585 7.659771 0.000000 0.000000 0.000000 1.000000
0.494530 -0.240315 -0.835278 23.073980 -0.084577 0.943150 -0.321425 89.543396 0.865036 0.229600 0.446091 8.703308 0.000000 0.000000 0.000000 1.000000
0.419930 -0.260672 -0.869315 23.968609 -0.083589 0.942683 -0.323051 89.477646 0.903699 0.208324 0.374071 9.596876 0.000000 0.000000 0.000000 1.000000
0.342420 -0.276575 -0.897917 24.676376 -0.079246 0.943784 -0.320924 89.517502 0.936199 0.181047 0.301253 10.265638 0.000000 0.000000 0.000000 1.000000
0.262258 -0.291290 -0.919984 25.198032 -0.072433 0.944722 -0.319771 89.731354 0.962275 0.150500 0.226662 10.750553 0.000000 0.000000 0.000000 1.000000
0.183324 -0.305384 -0.934416 25.456177 -0.062459 0.944986 -0.321092 89.933105 0.981066 0.117226 0.154165 11.085818 0.000000 0.000000 0.000000 1.000000
0.112460 -0.319539 -0.940876 25.477594 -0.053902 0.943527 -0.326881 90.054283 0.992193 0.087476 0.088885 11.238183 0.000000 0.000000 0.000000 1.000000
0.047406 -0.325786 -0.944254 25.278311 -0.044980 0.943662 -0.327840 90.147629 0.997862 0.058014 0.030082 11.088938 0.000000 0.000000 0.000000 1.000000
-0.012189 -0.322431 -0.946514 24.745403 -0.036296 0.946104 -0.321824 90.110794 0.999267 0.030432 -0.023235 10.701398 0.000000 0.000000 0.000000 1.000000
-0.060324 -0.311752 -0.948247 23.908627 -0.025761 0.950147 -0.310737 90.057663 0.997846 0.005683 -0.065348 10.103821 0.000000 0.000000 0.000000 1.000000
-0.099899 -0.296973 -0.949646 22.821405 -0.020009 0.954827 -0.296488 90.018936 0.994796 -0.010617 -0.101329 9.304020 0.000000 0.000000 0.000000 1.000000
-0.142909 -0.280066 -0.949284 21.699955 -0.021504 0.959781 -0.279926 89.658112 0.989502 -0.019590 -0.143184 8.338588 0.000000 0.000000 0.000000 1.000000
-0.182541 -0.264291 -0.947010 20.598083 -0.022234 0.964057 -0.264763 89.163864 0.982947 -0.027274 -0.181856 7.387788 0.000000 0.000000 0.000000 1.000000
-0.223989 -0.249018 -0.942241 19.483799 -0.017657 0.967685 -0.251545 88.815277 0.974432 -0.039706 -0.221148 6.617945 0.000000 0.000000 0.000000 1.000000
-0.262226 -0.237338 -0.935365 18.485304 -0.007866 0.969777 -0.243865 88.747131 0.964974 -0.056590 -0.256168 5.883396 0.000000 0.000000 0.000000 1.000000
-0.295911 -0.226550 -0.927961 17.536066 0.003579 0.971198 -0.238248 88.884483 0.955209 -0.073822 -0.286577 5.244872 0.000000 0.000000 0.000000 1.000000
-0.322343 -0.216697 -0.921487 16.641241 0.015517 0.972106 -0.234028 89.073387 0.946496 -0.089736 -0.309989 4.674747 0.000000 0.000000 0.000000 1.000000
-0.347078 -0.204357 -0.915301 15.803416 0.027222 0.973364 -0.227643 89.248360 0.937441 -0.103926 -0.332270 4.247130 0.000000 0.000000 0.000000 1.000000
-0.373709 -0.193545 -0.907128 14.921907 0.036293 0.974187 -0.222805 89.390167 0.926836 -0.116187 -0.357038 3.962998 0.000000 0.000000 0.000000 1.000000
-0.401471 -0.183427 -0.897316 14.044010 0.044432 0.974685 -0.219122 89.509476 0.914793 -0.127841 -0.383158 3.787606 0.000000 0.000000 0.000000 1.000000
-0.430946 -0.172246 -0.885786 13.082248 0.050403 0.975486 -0.214211 89.585449 0.900969 -0.136960 -0.411700 3.816304 0.000000 0.000000 0.000000 1.000000
-0.461546 -0.162553 -0.872096 11.932919 0.052324 0.976369 -0.209680 89.527603 0.885572 -0.142408 -0.442134 4.063999 0.000000 0.000000 0.000000 1.000000
-0.492893 -0.152867 -0.856556 10.611341 0.051573 0.977582 -0.204143 89.377686 0.868560 -0.144796 -0.473960 4.514355 0.000000 0.000000 0.000000 1.000000
-0.525479 -0.146552 -0.838090 9.131364 0.046459 0.978641 -0.200259 89.199112 0.849537 -0.144169 -0.507446 5.083928 0.000000 0.000000 0.000000 1.000000
-0.557107 -0.141939 -0.818221 7.516729 0.038417 0.979825 -0.196130 88.893837 0.829552 -0.140698 -0.540415 5.762389 0.000000 0.000000 0.000000 1.000000
-0.583839 -0.141938 -0.799366 5.797560 0.029647 0.980215 -0.195704 88.601639 0.811328 -0.137958 -0.568080 6.561002 0.000000 0.000000 0.000000 1.000000
-0.609528 -0.143542 -0.779661 4.032063 0.019205 0.980509 -0.195534 88.287010 0.792532 -0.134157 -0.594891 7.432046 0.000000 0.000000 0.000000 1.000000
-0.631710 -0.143898 -0.761732 2.258739 0.011175 0.980828 -0.194556 88.070770 0.775125 -0.131415 -0.617990 8.354561 0.000000 0.000000 0.000000 1.000000
-0.646852 -0.148886 -0.747941 0.517070 0.002190 0.980391 -0.197051 87.818962 0.762613 -0.129101 -0.633842 9.349879 0.000000 0.000000 0.000000 1.000000
-0.658611 -0.155441 -0.736254 -1.128133 -0.007752 0.979781 -0.199921 87.567818 0.752444 -0.125962 -0.646500 10.371481 0.000000 0.000000 0.000000 1.000000
-0.668195 -0.158733 -0.726856 -2.661582 -0.013469 0.979396 -0.201501 87.440170 0.743865 -0.124852 -0.656565 11.330393 0.000000 0.000000 0.000000 1.000000
-0.673446 -0.162366 -0.721185 -4.060383 -0.018800 0.979027 -0.202861 87.388046 0.738997 -0.123058 -0.662375 12.251507 0.000000 0.000000 0.000000 1.000000
-0.675389 -0.165778 -0.718587 -5.260130 -0.024381 0.978893 -0.202915 87.389801 0.737059 -0.119527 -0.665175 13.087124 0.000000 0.000000 0.000000 1.000000
-0.675968 -0.168399 -0.717432 -6.256784 -0.029537 0.978949 -0.201954 87.498428 0.736339 -0.115324 -0.666713 13.788321 0.000000 0.000000 0.000000 1.000000
-0.670629 -0.173896 -0.721122 -7.062349 -0.035102 0.978484 -0.203313 87.561768 0.740962 -0.111034 -0.662304 14.447843 0.000000 0.000000 0.000000 1.000000
-0.662746 -0.182803 -0.726189 -7.719914 -0.043259 0.977473 -0.206579 87.534668 0.747594 -0.105495 -0.655725 14.997355 0.000000 0.000000 0.000000 1.000000
-0.654051 -0.188231 -0.732657 -8.195826 -0.050321 0.977227 -0.206142 87.603729 0.754775 -0.097960 -0.648628 15.380615 0.000000 0.000000 0.000000 1.000000
-0.644939 -0.194601 -0.739042 -8.499880 -0.057566 0.976660 -0.206934 87.671074 0.762063 -0.090917 -0.641089 15.642660 0.000000 0.000000 0.000000 1.000000
-0.635703 -0.198893 -0.745871 -8.672489 -0.062636 0.976341 -0.206965 87.747383 0.769389 -0.084850 -0.633121 15.801812 0.000000 0.000000 0.000000 1.000000
-0.625319 -0.201162 -0.753996 -8.739935 -0.065977 0.976373 -0.205774 87.826797 0.777575 -0.078928 -0.623817 15.891911 0.000000 0.000000 0.000000 1.000000
-0.611889 -0.205234 -0.763853 -8.679346 -0.070071 0.976017 -0.206108 87.910339 0.787834 -0.072591 -0.611595 15.905882 0.000000 0.000000 0.000000 1.000000
-0.601524 -0.206556 -0.771689 -8.499352 -0.075142 0.976341 -0.202762 87.989250 0.795313 -0.063980 -0.602813 15.861076 0.000000 0.000000 0.000000 1.000000
-0.595017 -0.206108 -0.776836 -8.221553 -0.078699 0.976855 -0.198898 88.078835 0.799851 -0.057212 -0.597466 15.695651 0.000000 0.000000 0.000000 1.000000
-0.587444 -0.207150 -0.782303 -7.874741 -0.080605 0.976854 -0.198138 88.074440 0.805240 -0.053338 -0.590545 15.494383 0.000000 0.000000 0.000000 1.000000
-0.581260 -0.207390 -0.786845 -7.448774 -0.080818 0.976908 -0.197783 88.093559 0.809694 -0.051373 -0.584599 15.250396 0.000000 0.000000 0.000000 1.000000
-0.576849 -0.208249 -0.789859 -6.972430 -0.081102 0.976780 -0.198301 88.104767 0.812814 -0.050330 -0.580344 14.953326 0.000000 0.000000 0.000000 1.000000
-0.571827 -0.207591 -0.793675 -6.455688 -0.080351 0.976975 -0.197643 88.120773 0.816430 -0.049245 -0.575341 14.624505 0.000000 0.000000 0.000000 1.000000
-0.568830 -0.207489 -0.795853 -5.884563 -0.079522 0.976996 -0.197877 88.082565 0.818602 -0.049270 -0.572244 14.270877 0.000000 0.000000 0.000000 1.000000
-0.566009 -0.206816 -0.798035 -5.349104 -0.077746 0.977098 -0.198080 88.013466 0.820725 -0.050071 -0.569126 13.893873 0.000000 0.000000 0.000000 1.000000
-0.564352 -0.207030 -0.799153 -4.820936 -0.076917 0.977019 -0.198790 87.925804 0.821943 -0.050719 -0.567307 13.508322 0.000000 0.000000 0.000000 1.000000
-0.562681 -0.205349 -0.800763 -4.278790 -0.074908 0.977337 -0.197993 87.869293 0.823273 -0.051423 -0.565311 13.092763 0.000000 0.000000 0.000000 1.000000
-0.562399 -0.203375 -0.801465 -3.787437 -0.072941 0.977704 -0.196913 87.814583 0.823642 -0.052284 -0.564694 12.647474 0.000000 0.000000 0.000000 1.000000
-0.563726 -0.198727 -0.801699 -3.324544 -0.069737 0.978610 -0.193544 87.769096 0.823013 -0.053198 -0.565526 12.192068 0.000000 0.000000 0.000000 1.000000
-0.565541 -0.194787 -0.801387 -2.939413 -0.066287 0.979300 -0.191252 87.705681 0.822052 -0.055039 -0.566746 11.748707 0.000000 0.000000 0.000000 1.000000
-0.567750 -0.191438 -0.800632 -2.635252 -0.063856 0.979895 -0.189019 87.630890 0.820721 -0.056190 -0.568560 11.346042 0.000000 0.000000 0.000000 1.000000
-0.567293 -0.189529 -0.801410 -2.439463 -0.061549 0.980192 -0.188241 87.550873 0.821213 -0.057462 -0.567721 11.015379 0.000000 0.000000 0.000000 1.000000
-0.568675 -0.187071 -0.801008 -2.332608 -0.060603 0.980678 -0.186007 87.530563 0.820327 -0.057234 -0.569024 10.711042 0.000000 0.000000 0.000000 1.000000
-0.571434 -0.185170 -0.799485 -2.355078 -0.059460 0.980993 -0.184710 87.643333 0.818491 -0.058012 -0.571582 10.445161 0.000000 0.000000 0.000000 1.000000
-0.573766 -0.187664 -0.797229 -2.277334 -0.057009 0.980185 -0.189702 87.863091 0.817033 -0.063395 -0.573096 10.037105 0.000000 0.000000 0.000000 1.000000
-0.574124 -0.192102 -0.795913 -2.245579 -0.054281 0.978878 -0.197108 88.171455 0.816967 -0.069961 -0.572425 9.721531 0.000000 0.000000 0.000000 1.000000
-0.573835 -0.196773 -0.794981 -2.221417 -0.051687 0.977473 -0.204634 88.569672 0.817339 -0.076336 -0.571078 9.500021 0.000000 0.000000 0.000000 1.000000
-0.573779 -0.201607 -0.793809 -2.215593 -0.049430 0.975987 -0.212146 88.988548 0.817517 -0.082487 -0.569966 9.368668 0.000000 0.000000 0.000000 1.000000
-0.573767 -0.206774 -0.792487 -2.224832 -0.048163 0.974450 -0.219380 89.382385 0.817601 -0.087705 -0.569066 9.322594 0.000000 0.000000 0.000000 1.000000
-0.573571 -0.212112 -0.791217 -2.239033 -0.047329 0.972861 -0.226499 89.639656 0.817787 -0.092466 -0.568044 9.325017 0.000000 0.000000 0.000000 1.000000</float_array><technique_common><accessor source="#Hips-Matrix-animation-output-transform-array" count="91" stride="16"><param type="float4x4"/></accessor></technique_common></source><source id="Hips-Interpolations"><Name_array id="Hips-Interpolations-array" count="91">
 LINEAR LINEAR LINEAR LINEAR LINEAR LINEAR LINEAR LINEAR LINEAR LINEAR LINEAR
LINEAR LINEAR LINEAR LINEAR LINEAR LINEAR LINEAR LINEAR LINEAR LINEAR LINEAR LINEAR
LINEAR LINEAR LINEAR LINEAR LINEAR LINEAR LINEAR LINEAR LINEAR LINEAR LINEAR LINEAR
LINEAR LINEAR LINEAR LINEAR LINEAR LINEAR LINEAR LINEAR LINEAR LINEAR LINEAR LINEAR
LINEAR LINEAR LINEAR LINEAR LINEAR LINEAR LINEAR LINEAR LINEAR LINEAR LINEAR LINEAR
LINEAR LINEAR LINEAR LINEAR LINEAR LINEAR LINEAR LINEAR LINEAR LINEAR LINEAR LINEAR
LINEAR LINEAR LINEAR LINEAR LINEAR LINEAR LINEAR LINEAR LINEAR LINEAR LINEAR LINEAR
LINEAR LINEAR LINEAR LINEAR LINEAR LINEAR LINEAR LINEAR</Name_array><technique_common><accessor source="#Hips-Interpolations-array" count="91"><param type="name"/></accessor></technique_common></source><sampler id="Hips-Matrix-animation-transform"><input semantic="INPUT" source="#Hips-Matrix-animation-input"/><input semantic="OUTPUT" source="#Hips-Matrix-animation-output-transform"/><input semantic="INTERPOLATION" source="#Hips-Interpolations"/></sampler><channel source="#Hips-Matrix-animation-transform" target="Hips/matrix"/></animation>
    <animation id="Spine-anim" name="Spine"><source id="Spine-Matrix-animation-input"><float_array id="Spine-Matrix-animation-input-array" count="91">

0.000000 0.033333 0.066667 0.100000 0.133333 0.166667 0.200000 0.233333 0.266667 0.300000 0.333333 0.366667 0.400000 0.433333 0.466667 0.500000
0.533333 0.566667 0.600000 0.633333 0.666667 0.700000 0.733333 0.766667 0.800000 0.833333 0.866667 0.900000 0.933333 0.966667 1.000000 1.033333
1.066667 1.100000 1.133333 1.166667 1.200000 1.233333 1.266667 1.300000 1.333333 1.366667 1.400000 1.433333 1.466667 1.500000 1.533333 1.566667
1.600000 1.633333 1.666667 1.700000 1.733333 1.766667 1.800000 1.833333 1.866667 1.900000 1.933333 1.966667 2.000000 2.033333 2.066667 2.100000
2.133333 2.166667 2.200000 2.233333 2.266667 2.300000 2.333333 2.366667 2.400000 2.433333 2.466667 2.500000 2.533333 2.566667 2.600000 2.633333
2.666667 2.700000 2.733333 2.766667 2.800000 2.833333 2.866667 2.900000 2.933333 2.966667 3.000000</float_array><technique_common><accessor source="#Spine-Matrix-animation-input-array" count="91"><param name="TIME" type="float"/></accessor></technique_common></source><source id="Spine-Matrix-animation-output-transform"><float_array id="Spine-Matrix-animation-output-transform-array" count="1456">

0.999578 0.019452 0.021562 -0.002400 -0.014710 0.979357 -0.201600 12.777500 -0.025038 0.201198 0.979231 0.315300 0.000000 0.000000 0.000000 1.000000
0.999540 0.020398 0.022426 -0.002400 -0.015456 0.979292 -0.201864 12.777500 -0.026079 0.201424 0.979157 0.315300 0.000000 0.000000 0.000000 1.000000
0.999492 0.021315 0.023704 -0.002400 -0.016092 0.979243 -0.202048 12.777500 -0.027518 0.201564 0.979089 0.315300 0.000000 0.000000 0.000000 1.000000
0.999427 0.022198 0.025565 -0.002400 -0.016573 0.979178 -0.202324 12.777500 -0.029523 0.201785 0.978985 0.315300 0.000000 0.000000 0.000000 1.000000
0.999341 0.023329 0.027823 -0.002400 -0.017216 0.979105 -0.202625 12.777500 -0.031969 0.202012 0.978861 0.315300 0.000000 0.000000 0.000000 1.000000
0.999223 0.024741 0.030696 -0.002400 -0.018018 0.979094 -0.202606 12.777500 -0.035067 0.201896 0.978779 0.315300 0.000000 0.000000 0.000000 1.000000
0.999069 0.025932 0.034474 -0.002400 -0.018428 0.979112 -0.202485 12.777500 -0.039004 0.201661 0.978678 0.315300 0.000000 0.000000 0.000000 1.000000
0.998908 0.026096 0.038747 -0.002400 -0.017721 0.979106 -0.202578 12.777500 -0.043224 0.201670 0.978499 0.315300 0.000000 0.000000 0.000000 1.000000
0.998804 0.024728 0.042169 -0.002400 -0.015698 0.979181 -0.202380 12.777500 -0.046295 0.201476 0.978399 0.315300 0.000000 0.000000 0.000000 1.000000
0.998822 0.022519 0.042985 -0.002400 -0.013391 0.979320 -0.201873 12.777500 -0.046642 0.201059 0.978468 0.315300 0.000000 0.000000 0.000000 1.000000
0.998999 0.019678 0.040166 -0.002400 -0.011208 0.979507 -0.201096 12.777500 -0.043300 0.200445 0.978748 0.315300 0.000000 0.000000 0.000000 1.000000
0.999316 0.015386 0.033626 -0.002400 -0.008379 0.979892 -0.199353 12.777500 -0.036017 0.198935 0.979351 0.315300 0.000000 0.000000 0.000000 1.000000
0.999634 0.010034 0.025113 -0.002400 -0.004889 0.980371 -0.197102 12.777500 -0.026598 0.196907 0.980061 0.315300 0.000000 0.000000 0.000000 1.000000
0.999833 0.005870 0.017334 -0.002400 -0.002359 0.980596 -0.196026 12.777500 -0.018148 0.195952 0.980446 0.315300 0.000000 0.000000 0.000000 1.000000
0.999931 0.003829 0.011071 -0.002400 -0.001575 0.980434 -0.196841 12.777500 -0.011608 0.196810 0.980373 0.315300 0.000000 0.000000 0.000000 1.000000
0.999986 0.002098 0.004829 -0.002400 -0.001100 0.980172 -0.198145 12.777500 -0.005149 0.198137 0.980161 0.315300 0.000000 0.000000 0.000000 1.000000
0.999993 -0.001438 -0.003427 -0.002400 0.000729 0.980092 -0.198540 12.777500 0.003644 0.198536 0.980087 0.315300 0.000000 0.000000 0.000000 1.000000
0.999874 -0.006476 -0.014492 -0.002400 0.003462 0.979990 -0.199015 12.777500 0.015491 0.198939 0.979889 0.315300 0.000000 0.000000 0.000000 1.000000
0.999555 -0.012922 -0.026895 -0.002400 0.007294 0.979830 -0.199699 12.777500 0.028933 0.199413 0.979488 0.315300 0.000000 0.000000 0.000000 1.000000
0.998967 -0.022465 -0.039497 -0.002400 0.014107 0.979618 -0.200372 12.777500 0.043194 0.199608 0.978923 0.315300 0.000000 0.000000 0.000000 1.000000
0.998244 -0.030280 -0.050912 -0.002400 0.019282 0.978769 -0.204056 12.777500 0.056010 0.202716 0.977634 0.315300 0.000000 0.000000 0.000000 1.000000
0.997939 -0.027942 -0.057765 -0.002400 0.015164 0.977409 -0.210814 12.777500 0.062351 0.209504 0.975818 0.315300 0.000000 0.000000 0.000000 1.000000
0.998029 -0.016524 -0.060537 -0.002400 0.003143 0.976658 -0.214775 12.777500 0.062673 0.214162 0.974785 0.315300 0.000000 0.000000 0.000000 1.000000
0.997970 -0.005223 -0.063477 -0.002400 -0.008514 0.976747 -0.214227 12.777500 0.063120 0.214332 0.974719 0.315300 0.000000 0.000000 0.000000 1.000000
0.997712 -0.001150 -0.067595 -0.002400 -0.013197 0.977305 -0.211426 12.777500 0.066305 0.211834 0.975054 0.315300 0.000000 0.000000 0.000000 1.000000
0.997439 -0.001244 -0.071517 -0.002400 -0.013740 0.977895 -0.208645 12.777500 0.070196 0.209093 0.975373 0.315300 0.000000 0.000000 0.000000 1.000000
0.997461 -0.002510 -0.071171 -0.002400 -0.012370 0.978081 -0.207855 12.777500 0.070133 0.208208 0.975567 0.315300 0.000000 0.000000 0.000000 1.000000
0.997983 -0.005616 -0.063235 -0.002400 -0.007622 0.978272 -0.207184 12.777500 0.063024 0.207248 0.976256 0.315300 0.000000 0.000000 0.000000 1.000000
0.998709 -0.007535 -0.050241 -0.002400 -0.002877 0.978964 -0.204014 12.777500 0.050722 0.203895 0.977678 0.315300 0.000000 0.000000 0.000000 1.000000
0.999313 -0.007735 -0.036248 -0.002400 0.000332 0.979809 -0.199935 12.777500 0.037063 0.199785 0.979138 0.315300 0.000000 0.000000 0.000000 1.000000
0.999679 -0.006276 -0.024551 -0.002400 0.001281 0.980121 -0.198399 12.777500 0.025308 0.198304 0.979814 0.315300 0.000000 0.000000 0.000000 1.000000
0.999877 -0.003263 -0.015336 -0.002400 0.000132 0.979816 -0.199902 12.777500 0.015679 0.199875 0.979696 0.315300 0.000000 0.000000 0.000000 1.000000
0.999965 -0.001157 -0.008233 -0.002400 -0.000522 0.979589 -0.201010 12.777500 0.008298 0.201008 0.979555 0.315300 0.000000 0.000000 0.000000 1.000000
0.999989 -0.000732 -0.004626 -0.002400 -0.000208 0.979807 -0.199948 12.777500 0.004679 0.199946 0.979796 0.315300 0.000000 0.000000 0.000000 1.000000
0.999977 -0.002405 -0.006326 -0.002400 0.001099 0.980009 -0.198952 12.777500 0.006678 0.198940 0.979989 0.315300 0.000000 0.000000 0.000000 1.000000
0.999900 -0.006711 -0.012427 -0.002400 0.004101 0.979944 -0.199230 12.777500 0.013515 0.199159 0.979874 0.315300 0.000000 0.000000 0.000000 1.000000
0.999730 -0.013507 -0.018881 -0.002400 0.009475 0.979886 -0.199333 12.777500 0.021194 0.199100 0.979750 0.315300 0.000000 0.000000 0.000000 1.000000
0.999437 -0.023306 -0.024142 -0.002400 0.018033 0.979774 -0.199295 12.777500 0.028299 0.198747 0.979642 0.315300 0.000000 0.000000 0.000000 1.000000
0.999098 -0.033385 -0.026235 -0.002400 0.027449 0.979249 -0.200791 12.777500 0.032394 0.199890 0.979283 0.315300 0.000000 0.000000 0.000000 1.000000
0.998853 -0.041516 -0.023851 -0.002400 0.035797 0.978356 -0.203809 12.777500 0.031796 0.202722 0.978720 0.315300 0.000000 0.000000 0.000000 1.000000
0.998776 -0.044794 -0.020962 -0.002400 0.039517 0.977681 -0.206346 12.777500 0.029737 0.205266 0.978254 0.315300 0.000000 0.000000 0.000000 1.000000
0.998866 -0.044141 -0.017863 -0.002400 0.039461 0.977265 -0.208316 12.777500 0.026653 0.207374 0.977899 0.315300 0.000000 0.000000 0.000000 1.000000
0.999026 -0.040922 -0.016519 -0.002400 0.036542 0.976960 -0.210272 12.777500 0.024743 0.209464 0.977503 0.315300 0.000000 0.000000 0.000000 1.000000
0.999127 -0.038808 -0.015466 -0.002400 0.034652 0.976645 -0.212048 12.777500 0.023334 0.211327 0.977137 0.315300 0.000000 0.000000 0.000000 1.000000
0.999239 -0.036879 -0.012715 -0.002400 0.033307 0.976245 -0.214095 12.777500 0.020309 0.213509 0.976730 0.315300 0.000000 0.000000 0.000000 1.000000
0.999424 -0.032940 -0.008176 -0.002400 0.030390 0.975802 -0.216536 12.777500 0.015111 0.216163 0.976240 0.315300 0.000000 0.000000 0.000000 1.000000
0.999645 -0.026409 -0.003391 -0.002400 0.025028 0.975461 -0.218745 12.777500 0.009085 0.218583 0.975776 0.315300 0.000000 0.000000 0.000000 1.000000
0.999775 -0.021101 0.002215 -0.002400 0.021069 0.975141 -0.220582 12.777500 0.002495 0.220579 0.975366 0.315300 0.000000 0.000000 0.000000 1.000000
0.999794 -0.018371 0.008579 -0.002400 0.019818 0.974850 -0.221979 12.777500 -0.004286 0.222103 0.975014 0.315300 0.000000 0.000000 0.000000 1.000000
0.999740 -0.016789 0.015446 -0.002400 0.019814 0.974595 -0.223097 12.777500 -0.011308 0.223345 0.974674 0.315300 0.000000 0.000000 0.000000 1.000000
0.999650 -0.014236 0.022281 -0.002400 0.018872 0.974370 -0.224159 12.777500 -0.018519 0.224501 0.974298 0.315300 0.000000 0.000000 0.000000 1.000000
0.999536 -0.012595 0.027740 -0.002400 0.018485 0.974507 -0.223592 12.777500 -0.024217 0.224001 0.974288 0.315300 0.000000 0.000000 0.000000 1.000000
0.999429 -0.013368 0.031028 -0.002400 0.019886 0.975211 -0.220382 12.777500 -0.027313 0.220873 0.974920 0.315300 0.000000 0.000000 0.000000 1.000000
0.999360 -0.013633 0.033074 -0.002400 0.020493 0.975971 -0.216934 12.777500 -0.029322 0.217473 0.975626 0.315300 0.000000 0.000000 0.000000 1.000000
0.999353 -0.012491 0.033720 -0.002400 0.019431 0.976616 -0.214113 12.777500 -0.030257 0.214630 0.976227 0.315300 0.000000 0.000000 0.000000 1.000000
0.999369 -0.012062 0.033418 -0.002400 0.018838 0.977398 -0.210567 12.777500 -0.030123 0.211063 0.977008 0.315300 0.000000 0.000000 0.000000 1.000000
0.999324 -0.011495 0.034916 -0.002400 0.018499 0.978065 -0.207476 12.777500 -0.031766 0.207982 0.977617 0.315300 0.000000 0.000000 0.000000 1.000000
0.999243 -0.009220 0.037795 -0.002400 0.016827 0.978362 -0.206214 12.777500 -0.035076 0.206694 0.977777 0.315300 0.000000 0.000000 0.000000 1.000000
0.999187 -0.006685 0.039747 -0.002400 0.014737 0.978462 -0.205901 12.777500 -0.037514 0.206319 0.977765 0.315300 0.000000 0.000000 0.000000 1.000000
0.999173 -0.004239 0.040451 -0.002400 0.012491 0.978470 -0.206011 12.777500 -0.038707 0.206346 0.977713 0.315300 0.000000 0.000000 0.000000 1.000000
0.999204 -0.001648 0.039849 -0.002400 0.009828 0.978506 -0.205983 12.777500 -0.038653 0.206210 0.977744 0.315300 0.000000 0.000000 0.000000 1.000000
0.999221 0.000474 0.039452 -0.002400 0.007610 0.978835 -0.204508 12.777500 -0.038714 0.204649 0.978069 0.315300 0.000000 0.000000 0.000000 1.000000
0.999151 0.002606 0.041123 -0.002400 0.005764 0.979350 -0.202092 12.777500 -0.040801 0.202157 0.978503 0.315300 0.000000 0.000000 0.000000 1.000000
0.999058 0.004618 0.043149 -0.002400 0.004133 0.979680 -0.200523 12.777500 -0.043198 0.200512 0.978738 0.315300 0.000000 0.000000 0.000000 1.000000
0.999030 0.005269 0.043711 -0.002400 0.003588 0.979766 -0.200112 12.777500 -0.043881 0.200075 0.978797 0.315300 0.000000 0.000000 0.000000 1.000000
0.998958 0.005624 0.045289 -0.002400 0.003559 0.979754 -0.200171 12.777500 -0.045498 0.200124 0.978714 0.315300 0.000000 0.000000 0.000000 1.000000
0.998767 0.007087 0.049145 -0.002400 0.002903 0.979734 -0.200280 12.777500 -0.049568 0.200175 0.978505 0.315300 0.000000 0.000000 0.000000 1.000000
0.998544 0.009081 0.053166 -0.002400 0.001781 0.979634 -0.200785 12.777500 -0.053907 0.200588 0.978191 0.315300 0.000000 0.000000 0.000000 1.000000
0.998452 0.010100 0.054688 -0.002400 0.001201 0.979224 -0.202778 12.777500 -0.055600 0.202530 0.977696 0.315300 0.000000 0.000000 0.000000 1.000000
0.998467 0.010376 0.054371 -0.002400 0.000979 0.978809 -0.204775 12.777500 -0.055343 0.204514 0.977298 0.315300 0.000000 0.000000 0.000000 1.000000
0.998501 0.010739 0.053666 -0.002400 0.000500 0.978728 -0.205163 12.777500 -0.054728 0.204882 0.977255 0.315300 0.000000 0.000000 0.000000 1.000000
0.998483 0.011400 0.053867 -0.002400 -0.000119 0.978775 -0.204939 12.777500 -0.055060 0.204621 0.977291 0.315300 0.000000 0.000000 0.000000 1.000000
0.998403 0.012246 0.055149 -0.002400 -0.000695 0.978811 -0.204765 12.777500 -0.056488 0.204400 0.977256 0.315300 0.000000 0.000000 0.000000 1.000000
0.998352 0.012463 0.056015 -0.002400 -0.000718 0.978770 -0.204960 12.777500 -0.057380 0.204582 0.977166 0.315300 0.000000 0.000000 0.000000 1.000000
0.998357 0.012367 0.055944 -0.002400 -0.000607 0.978657 -0.205501 12.777500 -0.057291 0.205130 0.977057 0.315300 0.000000 0.000000 0.000000 1.000000
0.998413 0.012537 0.054894 -0.002400 -0.000986 0.978642 -0.205571 12.777500 -0.056299 0.205190 0.977101 0.315300 0.000000 0.000000 0.000000 1.000000
0.998501 0.012662 0.053248 -0.002400 -0.001475 0.978744 -0.205083 12.777500 -0.054713 0.204697 0.977295 0.315300 0.000000 0.000000 0.000000 1.000000
0.998527 0.012611 0.052777 -0.002400 -0.001522 0.978743 -0.205083 12.777500 -0.054242 0.204701 0.977321 0.315300 0.000000 0.000000 0.000000 1.000000
0.998551 0.012573 0.052322 -0.002400 -0.001515 0.978504 -0.206222 12.777500 -0.053790 0.205844 0.977105 0.315300 0.000000 0.000000 0.000000 1.000000
0.998707 0.012018 0.049388 -0.002400 -0.001498 0.978186 -0.207727 12.777500 -0.050807 0.207384 0.976939 0.315300 0.000000 0.000000 0.000000 1.000000
0.998974 0.010409 0.044084 -0.002400 -0.000992 0.978030 -0.208461 12.777500 -0.045286 0.208203 0.977037 0.315300 0.000000 0.000000 0.000000 1.000000
0.999166 0.008409 0.039949 -0.002400 0.000111 0.977990 -0.208650 12.777500 -0.040824 0.208481 0.977174 0.315300 0.000000 0.000000 0.000000 1.000000
0.999249 0.006108 0.038276 -0.002400 0.002019 0.977962 -0.208771 12.777500 -0.038708 0.208691 0.977215 0.315300 0.000000 0.000000 0.000000 1.000000
0.999303 0.004159 0.037089 -0.002400 0.003682 0.977940 -0.208854 12.777500 -0.037140 0.208845 0.977243 0.315300 0.000000 0.000000 0.000000 1.000000
0.999392 0.003176 0.034714 -0.002400 0.004129 0.978046 -0.208347 12.777500 -0.034613 0.208364 0.977439 0.315300 0.000000 0.000000 0.000000 1.000000
0.999469 0.003547 0.032388 -0.002400 0.003239 0.978315 -0.207097 12.777500 -0.032420 0.207092 0.977784 0.315300 0.000000 0.000000 0.000000 1.000000
0.999528 0.005545 0.030219 -0.002400 0.000784 0.978651 -0.205526 12.777500 -0.030713 0.205453 0.978185 0.315300 0.000000 0.000000 0.000000 1.000000
0.999574 0.008826 0.027802 -0.002400 -0.002963 0.978918 -0.204231 12.777500 -0.029018 0.204062 0.978528 0.315300 0.000000 0.000000 0.000000 1.000000
0.999597 0.012383 0.025545 -0.002400 -0.006935 0.979106 -0.203232 12.777500 -0.027528 0.202973 0.978797 0.315300 0.000000 0.000000 0.000000 1.000000
0.999597 0.015809 0.023570 -0.002400 -0.010717 0.979261 -0.202318 12.777500 -0.026279 0.201983 0.979036 0.315300 0.000000 0.000000 0.000000 1.000000
0.999574 0.019715 0.021540 -0.002400 -0.014971 0.979345 -0.201640 12.777500 -0.025070 0.201231 0.979223 0.315300 0.000000 0.000000 0.000000 1.000000</float_array><technique_common><accessor source="#Spine-Matrix-animation-output-transform-array" count="91" stride="16"><param type="float4x4"/></accessor></technique_common></source><source id="Spine-Interpolations"><Name_array id="Spine-Interpolations-array" count="91">
 LINEAR LINEAR LINEAR LINEAR LINEAR LINEAR LINEAR LINEAR LINEAR LINEAR LINEAR
LINEAR LINEAR LINEAR LINEAR LINEAR LINEAR LINEAR LINEAR LINEAR LINEAR LINEAR LINEAR
LINEAR LINEAR LINEAR LINEAR LINEAR LINEAR LINEAR LINEAR LINEAR LINEAR LINEAR LINEAR
LINEAR LINEAR LINEAR LINEAR LINEAR LINEAR LINEAR LINEAR LINEAR LINEAR LINEAR LINEAR
LINEAR LINEAR LINEAR LINEAR LINEAR LINEAR LINEAR LINEAR LINEAR LINEAR LINEAR LINEAR
LINEAR LINEAR LINEAR LINEAR LINEAR LINEAR LINEAR LINEAR LINEAR LINEAR LINEAR LINEAR
LINEAR LINEAR LINEAR LINEAR LINEAR LINEAR LINEAR LINEAR LINEAR LINEAR LINEAR LINEAR
LINEAR LINEAR LINEAR LINEAR LINEAR LINEAR LINEAR LINEAR</Name_array><technique_common><accessor source="#Spine-Interpolations-array" count="91"><param type="name"/></accessor></technique_common></source><sampler id="Spine-Matrix-animation-transform"><input semantic="INPUT" source="#Spine-Matrix-animation-input"/><input semantic="OUTPUT" source="#Spine-Matrix-animation-output-transform"/><input semantic="INTERPOLATION" source="#Spine-Interpolations"/></sampler><channel source="#Spine-Matrix-animation-transform" target="Spine/matrix"/></animation>
    <animation id="Spine1-anim" name="Spine1"><source id="Spine1-Matrix-animation-input"><float_array id="Spine1-Matrix-animation-input-array" count="91">

0.000000 0.033333 0.066667 0.100000 0.133333 0.166667 0.200000 0.233333 0.266667 0.300000 0.333333 0.366667 0.400000 0.433333 0.466667 0.500000
0.533333 0.566667 0.600000 0.633333 0.666667 0.700000 0.733333 0.766667 0.800000 0.833333 0.866667 0.900000 0.933333 0.966667 1.000000 1.033333
1.066667 1.100000 1.133333 1.166667 1.200000 1.233333 1.266667 1.300000 1.333333 1.366667 1.400000 1.433333 1.466667 1.500000 1.533333 1.566667
1.600000 1.633333 1.666667 1.700000 1.733333 1.766667 1.800000 1.833333 1.866667 1.900000 1.933333 1.966667 2.000000 2.033333 2.066667 2.100000
2.133333 2.166667 2.200000 2.233333 2.266667 2.300000 2.333333 2.366667 2.400000 2.433333 2.466667 2.500000 2.533333 2.566667 2.600000 2.633333
2.666667 2.700000 2.733333 2.766667 2.800000 2.833333 2.866667 2.900000 2.933333 2.966667 3.000000</float_array><technique_common><accessor source="#Spine1-Matrix-animation-input-array" count="91"><param name="TIME" type="float"/></accessor></technique_common></source><source id="Spine1-Matrix-animation-output-transform"><float_array id="Spine1-Matrix-animation-output-transform-array" count="1456">

0.999761 0.011244 0.018729 -0.002900 -0.008390 0.989246 -0.146017 8.819500 -0.020169 0.145825 0.989105 0.086600 0.000000 0.000000 0.000000 1.000000
0.999741 0.011849 0.019421 -0.002900 -0.008883 0.989212 -0.146219 8.819500 -0.020943 0.146009 0.989062 0.086600 0.000000 0.000000 0.000000 1.000000
0.999714 0.012413 0.020444 -0.002900 -0.009291 0.989197 -0.146296 8.819500 -0.022039 0.146065 0.989030 0.086600 0.000000 0.000000 0.000000 1.000000
0.999675 0.012944 0.021950 -0.002900 -0.009592 0.989173 -0.146440 8.819500 -0.023607 0.146182 0.988976 0.086600 0.000000 0.000000 0.000000 1.000000
0.999624 0.013520 0.023844 -0.002900 -0.009880 0.989139 -0.146651 8.819500 -0.025568 0.146360 0.988901 0.086600 0.000000 0.000000 0.000000 1.000000
0.999555 0.014002 0.026340 -0.002900 -0.009994 0.989149 -0.146576 8.819500 -0.028107 0.146247 0.988849 0.086600 0.000000 0.000000 0.000000 1.000000
0.999462 0.013998 0.029649 -0.002900 -0.009512 0.989185 -0.146361 8.819500 -0.031377 0.146001 0.988787 0.086600 0.000000 0.000000 0.000000 1.000000
0.999358 0.013062 0.033368 -0.002900 -0.008042 0.989198 -0.146368 8.819500 -0.034919 0.146005 0.988667 0.086600 0.000000 0.000000 0.000000 1.000000
0.999279 0.011153 0.036299 -0.002900 -0.005729 0.989233 -0.146238 8.819500 -0.037539 0.145924 0.988583 0.086600 0.000000 0.000000 0.000000 1.000000
0.999273 0.008965 0.037058 -0.002900 -0.003464 0.989290 -0.145925 8.819500 -0.037970 0.145690 0.988601 0.086600 0.000000 0.000000 0.000000 1.000000
0.999371 0.006744 0.034826 -0.002900 -0.001606 0.989355 -0.145512 8.819500 -0.035437 0.145365 0.988743 0.086600 0.000000 0.000000 0.000000 1.000000
0.999557 0.003878 0.029506 -0.002900 0.000426 0.989504 -0.144503 8.819500 -0.029756 0.144452 0.989064 0.086600 0.000000 0.000000 0.000000 1.000000
0.999745 0.000396 0.022566 -0.002900 0.002837 0.989707 -0.143078 8.819500 -0.022390 0.143106 0.989454 0.086600 0.000000 0.000000 0.000000 1.000000
0.999862 -0.002553 0.016391 -0.002900 0.004864 0.989783 -0.142499 8.819500 -0.015860 0.142559 0.989659 0.086600 0.000000 0.000000 0.000000 1.000000
0.999924 -0.004249 0.011603 -0.002900 0.005870 0.989638 -0.143462 8.819500 -0.010873 0.143519 0.989588 0.086600 0.000000 0.000000 0.000000 1.000000
0.999962 -0.005526 0.006794 -0.002900 0.006452 0.989432 -0.144856 8.819500 -0.005922 0.144895 0.989429 0.086600 0.000000 0.000000 0.000000 1.000000
0.999968 -0.007949 0.000312 -0.002900 0.007910 0.989282 -0.145803 8.819500 0.000850 0.145801 0.989314 0.086600 0.000000 0.000000 0.000000 1.000000
0.999895 -0.011880 -0.008239 -0.002900 0.010539 0.989058 -0.147150 8.819500 0.009897 0.147048 0.989080 0.086600 0.000000 0.000000 0.000000 1.000000
0.999696 -0.017126 -0.017712 -0.002900 0.014310 0.988816 -0.148450 8.819500 0.020056 0.148151 0.988761 0.086600 0.000000 0.000000 0.000000 1.000000
0.999332 -0.023697 -0.027818 -0.002900 0.019282 0.988580 -0.149460 8.819500 0.031042 0.148824 0.988376 0.086600 0.000000 0.000000 0.000000 1.000000
0.998899 -0.028851 -0.037004 -0.002900 0.022862 0.987943 -0.153120 8.819500 0.040975 0.152106 0.987514 0.086600 0.000000 0.000000 0.000000 1.000000
0.998744 -0.028571 -0.041165 -0.002900 0.021662 0.986969 -0.159443 8.819500 0.045184 0.158351 0.986348 0.086600 0.000000 0.000000 0.000000 1.000000
0.998910 -0.023255 -0.040477 -0.002900 0.016340 0.986415 -0.163455 8.819500 0.043728 0.162615 0.985720 0.086600 0.000000 0.000000 0.000000 1.000000
0.999050 -0.016997 -0.040115 -0.002900 0.010192 0.986387 -0.164125 8.819500 0.042358 0.163560 0.985624 0.086600 0.000000 0.000000 0.000000 1.000000
0.998998 -0.013507 -0.042666 -0.002900 0.006381 0.986618 -0.162926 8.819500 0.044296 0.162490 0.985715 0.086600 0.000000 0.000000 0.000000 1.000000
0.998869 -0.012880 -0.045760 -0.002900 0.005352 0.986943 -0.160984 8.819500 0.047236 0.160557 0.985896 0.086600 0.000000 0.000000 0.000000 1.000000
0.998857 -0.013807 -0.045751 -0.002900 0.006320 0.987110 -0.159916 8.819500 0.047369 0.159445 0.986070 0.086600 0.000000 0.000000 0.000000 1.000000
0.999039 -0.015294 -0.041079 -0.002900 0.008590 0.987293 -0.158676 8.819500 0.042984 0.158170 0.986476 0.086600 0.000000 0.000000 0.000000 1.000000
0.999348 -0.015682 -0.032519 -0.002900 0.010425 0.987712 -0.155936 8.819500 0.034565 0.155495 0.987232 0.086600 0.000000 0.000000 0.000000 1.000000
0.999630 -0.013937 -0.023373 -0.002900 0.010192 0.988126 -0.153308 8.819500 0.025232 0.153013 0.987902 0.086600 0.000000 0.000000 0.000000 1.000000
0.999816 -0.010422 -0.016123 -0.002900 0.007833 0.988195 -0.153003 8.819500 0.017527 0.152848 0.988094 0.086600 0.000000 0.000000 0.000000 1.000000
0.999924 -0.006132 -0.010715 -0.002900 0.004400 0.987944 -0.154752 8.819500 0.011535 0.154693 0.987895 0.086600 0.000000 0.000000 0.000000 1.000000
0.999971 -0.002587 -0.007161 -0.002900 0.001441 0.987796 -0.155749 8.819500 0.007476 0.155734 0.987771 0.086600 0.000000 0.000000 0.000000 1.000000
0.999982 -0.000643 -0.005991 -0.002900 -0.000293 0.987929 -0.154910 8.819500 0.006018 0.154909 0.987910 0.086600 0.000000 0.000000 0.000000 1.000000
0.999962 -0.000429 -0.008686 -0.002900 -0.000916 0.988026 -0.154287 8.819500 0.008648 0.154290 0.987988 0.086600 0.000000 0.000000 0.000000 1.000000
0.999888 -0.001897 -0.014865 -0.002900 -0.000425 0.987960 -0.154709 8.819500 0.014979 0.154698 0.987848 0.086600 0.000000 0.000000 0.000000 1.000000
0.999762 -0.004597 -0.021325 -0.002900 0.001236 0.987917 -0.154977 8.819500 0.021779 0.154914 0.987688 0.086600 0.000000 0.000000 0.000000 1.000000
