<?xml version="1.0" encoding="utf-8"?>
<COLLADA xmlns="http://www.collada.org/2005/11/COLLADASchema" version="1.4.1">
  <asset><contributor><author>Mixamo</author><authoring_tool>COLLADA Mixamo exporter</authoring_tool><comments></comments></contributor><created>2018-10-29T12:21:56Z</created><modified>2018-10-29T12:21:56Z</modified><revision></revision><title></title><unit meter="0.010000"/><up_axis>Y_UP</up_axis></asset>
  <library_animations>
    <animation id="Hips-anim" name="Hips"><source id="Hips-Matrix-animation-input"><float_array id="Hips-Matrix-animation-input-array" count="25">

0.000000 0.033333 0.066667 0.100000 0.133333 0.166667 0.200000 0.233333 0.266667 0.300000 0.333333 0.366667 0.400000 0.433333 0.466667 0.500000
0.533333 0.566667 0.600000 0.633333 0.666667 0.700000 0.733333 0.766667 0.800000</float_array><technique_common><accessor source="#Hips-Matrix-animation-input-array" count="25"><param name="TIME" type="float"/></accessor></technique_common></source><source id="Hips-Matrix-animation-output-transform"><float_array id="Hips-Matrix-animation-output-transform-array" count="400">

0.999034 -0.026765 -0.034852 0.276420 0.028370 0.998520 0.046395 82.592857 0.033558 -0.047338 0.998315 0.428390 0.000000 0.000000 0.000000 1.000000
0.995470 -0.053014 -0.078920 -0.006235 0.055096 0.998182 0.024448 83.728043 0.077481 -0.028686 0.996581 10.089534 0.000000 0.000000 0.000000 1.000000
0.990369 -0.078550 -0.114015 0.010658 0.078393 0.996905 -0.005864 85.064789 0.114122 -0.003131 0.993462 19.814693 0.000000 0.000000 0.000000 1.000000
0.986357 -0.093903 -0.135211 0.288799 0.088764 0.995100 -0.043566 86.524582 0.138640 0.030969 0.989859 29.917418 0.000000 0.000000 0.000000 1.000000
0.984867 -0.098283 -0.142749 0.810598 0.086091 0.992284 -0.089223 87.801964 0.150416 0.075583 0.985729 40.584358 0.000000 0.000000 0.000000 1.000000
0.984740 -0.096621 -0.144748 1.535763 0.079941 0.989918 -0.116929 88.377480 0.154586 0.103573 0.982535 51.848755 0.000000 0.000000 0.000000 1.000000
0.984052 -0.095360 -0.150160 2.274321 0.077009 0.989338 -0.123616 88.066948 0.160347 0.110081 0.980903 63.074802 0.000000 0.000000 0.000000 1.000000
0.982223 -0.095190 -0.161792 3.058472 0.077763 0.990792 -0.110837 86.874199 0.170852 0.096285 0.980581 73.993889 0.000000 0.000000 0.000000 1.000000
0.981115 -0.092884 -0.169663 4.011649 0.079025 0.993095 -0.086705 85.375710 0.176545 0.071660 0.981681 84.429352 0.000000 0.000000 0.000000 1.000000
0.983472 -0.091756 -0.156091 5.048907 0.082388 0.994447 -0.065478 83.903809 0.161232 0.051536 0.985570 94.540565 0.000000 0.000000 0.000000 1.000000
0.989849 -0.092814 -0.107630 5.993637 0.086461 0.994307 -0.062270 82.495644 0.112797 0.052333 0.992239 103.867744 0.000000 0.000000 0.000000 1.000000
0.995776 -0.087429 -0.028058 6.865651 0.086104 0.995251 -0.045402 81.637909 0.031894 0.042794 0.998575 113.203331 0.000000 0.000000 0.000000 1.000000
0.995618 -0.074205 0.056905 7.406324 0.075993 0.996659 -0.029928 81.656929 -0.054494 0.034121 0.997931 122.166893 0.000000 0.000000 0.000000 1.000000
0.991159 -0.055936 0.120310 7.814324 0.057771 0.998260 -0.011813 82.316429 -0.119440 0.018659 0.992666 131.331650 0.000000 0.000000 0.000000 1.000000
0.987806 -0.037664 0.151068 7.950809 0.037678 0.999286 0.002770 83.490974 -0.151064 0.002956 0.988520 140.656754 0.000000 0.000000 0.000000 1.000000
0.988813 -0.020134 0.147793 7.828070 0.018373 0.999743 0.013267 85.067337 -0.148022 -0.010403 0.988929 150.357254 0.000000 0.000000 0.000000 1.000000
0.990411 -0.010136 0.137781 7.466055 0.006789 0.999671 0.024744 86.442383 -0.137986 -0.023572 0.990154 160.629974 0.000000 0.000000 0.000000 1.000000
0.991193 -0.006023 0.132285 6.755532 0.001221 0.999338 0.036348 87.056313 -0.132417 -0.035867 0.990545 171.500031 0.000000 0.000000 0.000000 1.000000
0.991227 -0.002467 0.132147 5.830010 -0.002808 0.999207 0.039716 86.586449 -0.132141 -0.039738 0.990434 182.594940 0.000000 0.000000 0.000000 1.000000
0.991660 0.002909 0.128848 4.723629 -0.009720 0.998586 0.052264 85.142387 -0.128514 -0.053081 0.990286 193.563171 0.000000 0.000000 0.000000 1.000000
0.993366 0.005673 0.114860 3.415293 -0.012838 0.998010 0.061742 83.616165 -0.114281 -0.062807 0.991461 204.176849 0.000000 0.000000 0.000000 1.000000
0.995944 0.009632 0.089455 2.145655 -0.015221 0.997960 0.062000 82.302444 -0.088675 -0.063110 0.994059 214.508438 0.000000 0.000000 0.000000 1.000000
0.998494 0.008096 0.054254 1.246409 -0.011463 0.998008 0.062040 81.799286 -0.053643 -0.062569 0.996598 224.363754 0.000000 0.000000 0.000000 1.000000
0.999925 -0.003391 0.011742 0.595274 0.002684 0.998213 0.059703 81.914284 -0.011923 -0.059667 0.998147 234.033630 0.000000 0.000000 0.000000 1.000000
0.999062 -0.025732 -0.034831 0.275803 0.027358 0.998518 0.047043 82.593330 0.033569 -0.047952 0.998285 243.564148 0.000000 0.000000 0.000000 1.000000</float_array><technique_common><accessor source="#Hips-Matrix-animation-output-transform-array" count="25" stride="16"><param type="float4x4"/></accessor></technique_common></source><source id="Hips-Interpolations"><Name_array id="Hips-Interpolations-array" count="25">
 LINEAR LINEAR LINEAR LINEAR LINEAR LINEAR LINEAR LINEAR LINEAR LINEAR LINEAR
LINEAR LINEAR LINEAR LINEAR LINEAR LINEAR LINEAR LINEAR LINEAR LINEAR LINEAR LINEAR
LINEAR LINEAR</Name_array><technique_common><accessor source="#Hips-Interpolations-array" count="25"><param type="name"/></accessor></technique_common></source><sampler id="Hips-Matrix-animation-transform"><input semantic="INPUT" source="#Hips-Matrix-animation-input"/><input semantic="OUTPUT" source="#Hips-Matrix-animation-output-transform"/><input semantic="INTERPOLATION" source="#Hips-Interpolations"/></sampler><channel source="#Hips-Matrix-animation-transform" target="Hips/matrix"/></animation>
    <animation id="Spine-anim" name="Spine"><source id="Spine-Matrix-animation-input"><float_array id="Spine-Matrix-animation-input-array" count="25">

0.000000 0.033333 0.066667 0.100000 0.133333 0.166667 0.200000 0.233333 0.266667 0.300000 0.333333 0.366667 0.400000 0.433333 0.466667 0.500000
0.533333 0.566667 0.600000 0.633333 0.666667 0.700000 0.733333 0.766667 0.800000</float_array><technique_common><accessor source="#Spine-Matrix-animation-input-array" count="25"><param name="TIME" type="float"/></accessor></technique_common></source><source id="Spine-Matrix-animation-output-transform"><float_array id="Spine-Matrix-animation-output-transform-array" count="400">

0.987805 -0.150876 0.038433 -0.002400 0.139329 0.746447 -0.650695 12.777500 0.069486 0.648115 0.758366 0.315300 0.000000 0.000000 0.000000 1.000000
0.991941 -0.099626 0.078283 -0.002400 0.126656 0.762899 -0.633990 12.777500 0.003440 0.638795 0.769369 0.315300 0.000000 0.000000 0.000000 1.000000
0.992620 -0.043874 0.113052 -0.002400 0.103724 0.790156 -0.604066 12.777500 -0.062827 0.611334 0.788875 0.315300 0.000000 0.000000 0.000000 1.000000
0.989543 0.008778 0.143969 -0.002400 0.074222 0.824857 -0.560448 12.777500 -0.123673 0.565273 0.815580 0.315300 0.000000 0.000000 0.000000 1.000000
0.983228 0.057829 0.172967 -0.002400 0.037521 0.863969 -0.502146 12.777500 -0.178477 0.500214 0.847309 0.315300 0.000000 0.000000 0.000000 1.000000
0.973879 0.109943 0.198674 -0.002400 -0.007854 0.890750 -0.454425 12.777500 -0.226930 0.440995 0.868347 0.315300 0.000000 0.000000 0.000000 1.000000
0.961819 0.167468 0.216469 -0.002400 -0.060915 0.902089 -0.427230 12.777500 -0.266822 0.397732 0.877847 0.315300 0.000000 0.000000 0.000000 1.000000
0.948523 0.223393 0.224500 -0.002400 -0.110263 0.897436 -0.427142 12.777500 -0.296895 0.380399 0.875871 0.315300 0.000000 0.000000 0.000000 1.000000
0.938047 0.266284 0.221722 -0.002400 -0.142632 0.879881 -0.453283 12.777500 -0.315791 0.393576 0.863350 0.315300 0.000000 0.000000 0.000000 1.000000
0.936095 0.289288 0.200097 -0.002400 -0.158630 0.854927 -0.493899 12.777500 -0.313947 0.430595 0.846183 0.315300 0.000000 0.000000 0.000000 1.000000
0.946340 0.283770 0.154643 -0.002400 -0.163898 0.833837 -0.527118 12.777500 -0.278528 0.473488 0.835603 0.315300 0.000000 0.000000 0.000000 1.000000
0.966520 0.239505 0.092068 -0.002400 -0.147117 0.811233 -0.565913 12.777500 -0.210228 0.533422 0.819308 0.315300 0.000000 0.000000 0.000000 1.000000
0.985759 0.165085 0.032026 -0.002400 -0.114314 0.797514 -0.592372 12.777500 -0.123333 0.580275 0.805028 0.315300 0.000000 0.000000 0.000000 1.000000
0.996354 0.083802 -0.015971 -0.002400 -0.075933 0.785819 -0.613777 12.777500 -0.038885 0.612753 0.789318 0.315300 0.000000 0.000000 0.000000 1.000000
0.998504 0.013994 -0.052852 -0.002400 -0.044047 0.778574 -0.626005 12.777500 0.032389 0.627397 0.778026 0.315300 0.000000 0.000000 0.000000 1.000000
0.995743 -0.039647 -0.083211 -0.002400 -0.020994 0.781485 -0.623570 12.777500 0.089750 0.622663 0.777326 0.315300 0.000000 0.000000 0.000000 1.000000
0.989324 -0.089478 -0.115032 -0.002400 0.000968 0.793341 -0.608777 12.777500 0.145732 0.602166 0.784958 0.315300 0.000000 0.000000 0.000000 1.000000
0.980287 -0.137364 -0.142017 -0.002400 0.027999 0.808109 -0.588367 12.777500 0.195585 0.572792 0.796025 0.315300 0.000000 0.000000 0.000000 1.000000
0.970934 -0.180199 -0.157532 -0.002400 0.060581 0.821756 -0.566611 12.777500 0.231556 0.540598 0.808787 0.315300 0.000000 0.000000 0.000000 1.000000
0.964413 -0.213780 -0.155582 -0.002400 0.089975 0.818670 -0.567172 12.777500 0.248620 0.532989 0.808771 0.315300 0.000000 0.000000 0.000000 1.000000
0.963757 -0.228544 -0.137623 -0.002400 0.107721 0.805310 -0.582986 12.777500 0.244067 0.547032 0.800742 0.315300 0.000000 0.000000 0.000000 1.000000
0.968021 -0.228673 -0.103170 -0.002400 0.121344 0.786739 -0.605241 12.777500 0.219570 0.573367 0.789328 0.315300 0.000000 0.000000 0.000000 1.000000
0.974915 -0.215177 -0.056927 -0.002400 0.131850 0.764361 -0.631163 12.777500 0.179324 0.607824 0.773558 0.315300 0.000000 0.000000 0.000000 1.000000
0.982028 -0.188603 -0.006999 -0.002400 0.138853 0.747108 -0.650038 12.777500 0.127828 0.637384 0.759869 0.315300 0.000000 0.000000 0.000000 1.000000
0.987809 -0.150854 0.038414 -0.002400 0.139300 0.746452 -0.650696 12.777500 0.069486 0.648115 0.758366 0.315300 0.000000 0.000000 0.000000 1.000000</float_array><technique_common><accessor source="#Spine-Matrix-animation-output-transform-array" count="25" stride="16"><param type="float4x4"/></accessor></technique_common></source><source id="Spine-Interpolations"><Name_array id="Spine-Interpolations-array" count="25">
 LINEAR LINEAR LINEAR LINEAR LINEAR LINEAR LINEAR LINEAR LINEAR LINEAR LINEAR
LINEAR LINEAR LINEAR LINEAR LINEAR LINEAR LINEAR LINEAR LINEAR LINEAR LINEAR LINEAR
LINEAR LINEAR</Name_array><technique_common><accessor source="#Spine-Interpolations-array" count="25"><param type="name"/></accessor></technique_common></source><sampler id="Spine-Matrix-animation-transform"><input semantic="INPUT" source="#Spine-Matrix-animation-input"/><input semantic="OUTPUT" source="#Spine-Matrix-animation-output-transform"/><input semantic="INTERPOLATION" source="#Spine-Interpolations"/></sampler><channel source="#Spine-Matrix-animation-transform" target="Spine/matrix"/></animation>
    <animation id="Spine1-anim" name="Spine1"><source id="Spine1-Matrix-animation-input"><float_array id="Spine1-Matrix-animation-input-array" count="25">

0.000000 0.033333 0.066667 0.100000 0.133333 0.166667 0.200000 0.233333 0.266667 0.300000 0.333333 0.366667 0.400000 0.433333 0.466667 0.500000
0.533333 0.566667 0.600000 0.633333 0.666667 0.700000 0.733333 0.766667 0.800000</float_array><technique_common><accessor source="#Spine1-Matrix-animation-input-array" count="25"><param name="TIME" type="float"/></accessor></technique_common></source><source id="Spine1-Matrix-animation-output-transform"><float_array id="Spine1-Matrix-animation-output-transform-array" count="400">

0.999098 -0.037454 -0.020009 -0.002900 0.034595 0.991179 -0.127936 8.819500 0.024624 0.127129 0.991581 0.086600 0.000000 0.000000 0.000000 1.000000
0.999644 -0.026048 -0.005750 -0.002900 0.025197 0.992819 -0.116941 8.819500 0.008755 0.116754 0.993122 0.086600 0.000000 0.000000 0.000000 1.000000
0.999900 -0.011867 0.007701 -0.002900 0.012615 0.994321 -0.105673 8.819500 -0.006404 0.105760 0.994371 0.086600 0.000000 0.000000 0.000000 1.000000
0.999786 0.003902 0.020328 -0.002900 -0.001957 0.995491 -0.094838 8.819500 -0.020606 0.094777 0.995285 0.086600 0.000000 0.000000 0.000000 1.000000
0.999298 0.018802 0.032402 -0.002900 -0.015954 0.996166 -0.086012 8.819500 -0.033895 0.085435 0.995767 0.086600 0.000000 0.000000 0.000000 1.000000
0.998577 0.030892 0.043467 -0.002900 -0.027231 0.996225 -0.082427 8.819500 -0.045849 0.081126 0.995649 0.086600 0.000000 0.000000 0.000000 1.000000
0.997880 0.039098 0.052035 -0.002900 -0.034495 0.995645 -0.086608 8.819500 -0.055195 0.084629 0.994883 0.086600 0.000000 0.000000 0.000000 1.000000
0.997445 0.043281 0.056831 -0.002900 -0.037599 0.994524 -0.097506 8.819500 -0.060740 0.095120 0.993611 0.086600 0.000000 0.000000 0.000000 1.000000
0.997471 0.042826 0.056727 -0.002900 -0.036267 0.993047 -0.111992 8.819500 -0.061129 0.109652 0.992089 0.086600 0.000000 0.000000 0.000000 1.000000
0.998051 0.036844 0.050368 -0.002900 -0.030220 0.991511 -0.126463 8.819500 -0.054600 0.124694 0.990692 0.086600 0.000000 0.000000 0.000000 1.000000
0.998983 0.025385 0.037273 -0.002900 -0.019970 0.990081 -0.139075 8.819500 -0.040434 0.138189 0.989580 0.086600 0.000000 0.000000 0.000000 1.000000
0.999756 0.011148 0.019052 -0.002900 -0.008157 0.988590 -0.150411 8.819500 -0.020511 0.150219 0.988440 0.086600 0.000000 0.000000 0.000000 1.000000
0.999997 -0.002273 -0.000457 -0.002900 0.002171 0.987119 -0.159976 8.819500 0.000815 0.159974 0.987121 0.086600 0.000000 0.000000 0.000000 1.000000
0.999742 -0.012697 -0.018856 -0.002900 0.009407 0.986197 -0.165310 8.819500 0.020694 0.165090 0.986061 0.086600 0.000000 0.000000 0.000000 1.000000
0.999183 -0.018433 -0.035963 -0.002900 0.012222 0.986073 -0.165862 8.819500 0.038519 0.165287 0.985493 0.086600 0.000000 0.000000 0.000000 1.000000
0.998465 -0.019165 -0.051956 -0.002900 0.010464 0.986597 -0.162842 8.819500 0.054381 0.162048 0.985283 0.086600 0.000000 0.000000 0.000000 1.000000
0.997497 -0.019187 -0.068049 -0.002900 0.008203 0.987381 -0.158149 8.819500 0.070225 0.157195 0.985068 0.086600 0.000000 0.000000 0.000000 1.000000
0.996416 -0.020910 -0.081963 -0.002900 0.008120 0.988134 -0.153381 8.819500 0.084198 0.152165 0.984762 0.086600 0.000000 0.000000 0.000000 1.000000
0.995625 -0.025200 -0.089979 -0.002900 0.011429 0.988560 -0.150393 8.819500 0.092739 0.148707 0.984523 0.086600 0.000000 0.000000 0.000000 1.000000
0.995451 -0.031476 -0.089921 -0.002900 0.017729 0.988561 -0.149776 8.819500 0.093607 0.147501 0.984622 0.086600 0.000000 0.000000 0.000000 1.000000
0.995847 -0.038538 -0.082481 -0.002900 0.025768 0.988253 -0.150641 8.819500 0.087318 0.147890 0.985142 0.086600 0.000000 0.000000 0.000000 1.000000
0.996608 -0.044275 -0.069368 -0.002900 0.033432 0.988069 -0.150337 8.819500 0.075196 0.147508 0.986198 0.086600 0.000000 0.000000 0.000000 1.000000
0.997505 -0.047100 -0.052583 -0.002900 0.038948 0.988442 -0.146510 8.819500 0.058876 0.144097 0.987811 0.086600 0.000000 0.000000 0.000000 1.000000
0.998346 -0.045513 -0.035131 -0.002900 0.040228 0.989510 -0.138751 8.819500 0.041077 0.137109 0.989704 0.086600 0.000000 0.000000 0.000000 1.000000
0.999098 -0.037454 -0.020009 -0.002900 0.034594 0.991179 -0.127937 8.819500 0.024624 0.127129 0.991580 0.086600 0.000000 0.000000 0.000000 1.000000</float_array><technique_common><accessor source="#Spine1-Matrix-animation-output-transform-array" count="25" stride="16"><param type="float4x4"/></accessor></technique_common></source><source id="Spine1-Interpolations"><Name_array id="Spine1-Interpolations-array" count="25">
 LINEAR LINEAR LINEAR LINEAR LINEAR LINEAR LINEAR LINEAR LINEAR LINEAR LINEAR
LINEAR LINEAR LINEAR LINEAR LINEAR LINEAR LINEAR LINEAR LINEAR LINEAR LINEAR LINEAR
LINEAR LINEAR</Name_array><technique_common><accessor source="#Spine1-Interpolations-array" count="25"><param type="name"/></accessor></technique_common></source><sampler id="Spine1-Matrix-animation-transform"><input semantic="INPUT" source="#Spine1-Matrix-animation-input"/><input semantic="OUTPUT" source="#Spine1-Matrix-animation-output-transform"/><input semantic="INTERPOLATION" source="#Spine1-Interpolations"/></sampler><channel source="#Spine1-Matrix-animation-transform" target="Spine1/matrix"/></animation>
    <animation id="Spine2-anim" name="Spine2"><source id="Spine2-Matrix-animation-input"><float_array id="Spine2-Matrix-animation-input-array" count="25">

0.000000 0.033333 0.066667 0.100000 0.133333 0.166667 0.200000 0.233333 0.266667 0.300000 0.333333 0.366667 0.400000 0.433333 0.466667 0.500000
0.533333 0.566667 0.600000 0.633333 0.666667 0.700000 0.733333 0.766667 0.800000</float_array><technique_common><accessor source="#Spine2-Matrix-animation-input-array" count="25"><param name="TIME" type="float"/></accessor></technique_common></source><source id="Spine2-Matrix-animation-output-transform"><float_array id="Spine2-Matrix-animation-output-transform-array" count="400">

0.999250 -0.034265 -0.018063 -0.003300 0.031662 0.991176 -0.128717 8.631100 0.022314 0.128049 0.991517 0.011300 0.000000 0.000000 0.000000 1.000000
0.999724 -0.023124 -0.004100 -0.003300 0.022481 0.992801 -0.117649 8.631100 0.006791 0.117525 0.993047 0.011300 0.000000 0.000000 0.000000 1.000000
0.999919 -0.009263 0.008727 -0.003300 0.010138 0.994280 -0.106327 8.631100 -0.007692 0.106407 0.994293 0.011300 0.000000 0.000000 0.000000 1.000000
0.999772 0.006094 0.020465 -0.003300 -0.004112 0.995422 -0.095486 8.631100 -0.020953 0.095380 0.995220 0.011300 0.000000 0.000000 0.000000 1.000000
0.999286 0.020582 0.031682 -0.003300 -0.017766 0.996072 -0.086742 8.631100 -0.033343 0.086118 0.995727 0.011300 0.000000 0.000000 0.000000 1.000000
0.998590 0.032282 0.042151 -0.003300 -0.028685 0.996111 -0.083308 8.631100 -0.044676 0.081982 0.995632 0.011300 0.000000 0.000000 0.000000 1.000000
0.997918 0.040133 0.050482 -0.003300 -0.035604 0.995517 -0.087623 8.631100 -0.053772 0.085644 0.994874 0.011300 0.000000 0.000000 0.000000 1.000000
0.997489 0.044162 0.055372 -0.003300 -0.038556 0.994388 -0.098518 8.631100 -0.059412 0.096136 0.993594 0.011300 0.000000 0.000000 0.000000 1.000000
0.997479 0.043961 0.055708 -0.003300 -0.037463 0.992916 -0.112754 8.631100 -0.060270 0.110383 0.992060 0.011300 0.000000 0.000000 0.000000 1.000000
0.997992 0.038674 0.050155 -0.003300 -0.032048 0.991415 -0.126767 8.631100 -0.054627 0.124905 0.990664 0.011300 0.000000 0.000000 0.000000 1.000000
0.998877 0.028151 0.038117 -0.003300 -0.022601 0.990046 -0.138921 8.631100 -0.041649 0.137904 0.989570 0.011300 0.000000 0.000000 0.000000 1.000000
0.999668 0.014958 0.020958 -0.003300 -0.011648 0.988616 -0.150012 8.631100 -0.022963 0.149718 0.988462 0.011300 0.000000 0.000000 0.000000 1.000000
0.999994 0.002732 0.002247 -0.003300 -0.002338 0.987170 -0.159654 8.631100 -0.002654 0.159648 0.987171 0.011300 0.000000 0.000000 0.000000 1.000000
0.999852 -0.006574 -0.015886 -0.003300 0.003858 0.986231 -0.165331 8.631100 0.016754 0.165246 0.986110 0.011300 0.000000 0.000000 0.000000 1.000000
0.999372 -0.011641 -0.033475 -0.003300 0.005918 0.986066 -0.166248 8.631100 0.034944 0.165946 0.985516 0.011300 0.000000 0.000000 0.000000 1.000000
0.998642 -0.012093 -0.050671 -0.003300 0.003654 0.986548 -0.163433 8.631100 0.051966 0.163026 0.985252 0.011300 0.000000 0.000000 0.000000 1.000000
0.997617 -0.012182 -0.067908 -0.003300 0.001249 0.987315 -0.158767 8.631100 0.068981 0.158304 0.984978 0.011300 0.000000 0.000000 0.000000 1.000000
0.996485 -0.014096 -0.082573 -0.003300 0.001216 0.988069 -0.154005 8.631100 0.083759 0.153363 0.984614 0.011300 0.000000 0.000000 0.000000 1.000000
0.995671 -0.018609 -0.091066 -0.003300 0.004660 0.988515 -0.151051 8.631100 0.092831 0.149972 0.984322 0.011300 0.000000 0.000000 0.000000 1.000000
0.995503 -0.025302 -0.091284 -0.003300 0.011329 0.988553 -0.150450 8.631100 0.094046 0.148740 0.984394 0.011300 0.000000 0.000000 0.000000 1.000000
0.995936 -0.033152 -0.083741 -0.003300 0.020174 0.988279 -0.151320 8.631100 0.087776 0.149016 0.984931 0.011300 0.000000 0.000000 0.000000 1.000000
0.996750 -0.039841 -0.070012 -0.003300 0.028886 0.988105 -0.151046 8.631100 0.075197 0.148533 0.986044 0.011300 0.000000 0.000000 0.000000 1.000000
0.997702 -0.043285 -0.052128 -0.003300 0.035186 0.988460 -0.147336 8.631100 0.057903 0.145163 0.987712 0.011300 0.000000 0.000000 0.000000 1.000000
0.998555 -0.041977 -0.033546 -0.003300 0.036905 0.989512 -0.139656 8.631100 0.039057 0.138217 0.989632 0.011300 0.000000 0.000000 0.000000 1.000000
0.999250 -0.034265 -0.018063 -0.003300 0.031662 0.991176 -0.128717 8.631100 0.022314 0.128049 0.991517 0.011300 0.000000 0.000000 0.000000 1.000000</float_array><technique_common><accessor source="#Spine2-Matrix-animation-output-transform-array" count="25" stride="16"><param type="float4x4"/></accessor></technique_common></source><source id="Spine2-Interpolations"><Name_array id="Spine2-Interpolations-array" count="25">
 LINEAR LINEAR LINEAR LINEAR LINEAR LINEAR LINEAR LINEAR LINEAR LINEAR LINEAR
LINEAR LINEAR LINEAR LINEAR LINEAR LINEAR LINEAR LINEAR LINEAR LINEAR LINEAR LINEAR
LINEAR LINEAR</Name_array><technique_common><accessor source="#Spine2-Interpolations-array" count="25"><param type="name"/></accessor></technique_common></source><sampler id="Spine2-Matrix-animation-transform"><input semantic="INPUT" source="#Spine2-Matrix-animation-input"/><input semantic="OUTPUT" source="#Spine2-Matrix-animation-output-transform"/><input semantic="INTERPOLATION" source="#Spine2-Interpolations"/></sampler><channel source="#Spine2-Matrix-animation-transform" target="Spine2/matrix"/></animation>
    <animation id="Neck-anim" name="Neck"><source id="Neck-Matrix-animation-input"><float_array id="Neck-Matrix-animation-input-array" count="25">

0.000000 0.033333 0.066667 0.100000 0.133333 0.166667 0.200000 0.233333 0.266667 0.300000 0.333333 0.366667 0.400000 0.433333 0.466667 0.500000
0.533333 0.566667 0.600000 0.633333 0.666667 0.700000 0.733333 0.766667 0.800000</float_array><technique_common><accessor source="#Neck-Matrix-animation-input-array" count="25"><param name="TIME" type="float"/></accessor></technique_common></source><source id="Neck-Matrix-animation-output-transform"><float_array id="Neck-Matrix-animation-output-transform-array" count="400">

0.998135 0.035698 0.049528 -0.003700 -0.040520 0.994157 0.100049 21.199499 -0.045668 -0.101869 0.993749 -0.826900 0.000000 0.000000 0.000000 1.000000
0.997917 0.049251 0.041667 -0.003700 -0.052423 0.995511 0.078802 21.199499 -0.037598 -0.080823 0.996019 -0.826900 0.000000 0.000000 0.000000 1.000000
0.997530 0.061818 0.033358 -0.003700 -0.063677 0.996291 0.057879 21.199499 -0.029656 -0.059860 0.997766 -0.826900 0.000000 0.000000 0.000000 1.000000
0.996962 0.073661 0.025326 -0.003700 -0.074678 0.996328 0.041885 21.199499 -0.022148 -0.043649 0.998801 -0.826900 0.000000 0.000000 0.000000 1.000000
0.996157 0.085751 0.017838 -0.003700 -0.086313 0.995702 0.033573 21.199499 -0.014882 -0.034984 0.999277 -0.826900 0.000000 0.000000 0.000000 1.000000
0.995023 0.099000 0.011305 -0.003700 -0.099334 0.994459 0.034409 21.199499 -0.007836 -0.035361 0.999344 -0.826900 0.000000 0.000000 0.000000 1.000000
0.993528 0.113417 0.006173 -0.003700 -0.113580 0.992504 0.045110 21.199499 -0.001010 -0.045519 0.998963 -0.826900 0.000000 0.000000 0.000000 1.000000
0.991801 0.127783 0.001684 -0.003700 -0.127636 0.989832 0.062775 21.199499 0.006355 -0.062475 0.998026 -0.826900 0.000000 0.000000 0.000000 1.000000
0.990038 0.140773 -0.002934 -0.003700 -0.140058 0.986725 0.082198 21.199499 0.014466 -0.080968 0.996612 -0.826900 0.000000 0.000000 0.000000 1.000000
0.988579 0.150551 -0.006836 -0.003700 -0.149182 0.984010 0.097313 21.199499 0.021377 -0.095182 0.995230 -0.826900 0.000000 0.000000 0.000000 1.000000
0.987884 0.154960 -0.008554 -0.003700 -0.153260 0.982755 0.103458 21.199499 0.024438 -0.100894 0.994597 -0.826900 0.000000 0.000000 0.000000 1.000000
0.988491 0.151056 -0.008270 -0.003700 -0.149508 0.983785 0.099064 21.199499 0.023101 -0.096688 0.995047 -0.826900 0.000000 0.000000 0.000000 1.000000
0.990326 0.138580 -0.007021 -0.003700 -0.137481 0.986805 0.085525 21.199499 0.018780 -0.083732 0.996311 -0.826900 0.000000 0.000000 0.000000 1.000000
0.992658 0.120876 -0.004453 -0.003700 -0.120352 0.990695 0.063548 21.199499 0.012093 -0.062546 0.997969 -0.826900 0.000000 0.000000 0.000000 1.000000
0.994908 0.100787 0.000848 -0.003700 -0.100748 0.994211 0.037332 21.199499 0.002919 -0.037228 0.999303 -0.826900 0.000000 0.000000 0.000000 1.000000
0.996828 0.078896 0.010409 -0.003700 -0.079049 0.996756 0.015154 21.199499 -0.009180 -0.015929 0.999831 -0.826900 0.000000 0.000000 0.000000 1.000000
0.997993 0.059116 0.022698 -0.003700 -0.059081 0.998251 -0.002215 21.199499 -0.022789 0.000869 0.999740 -0.826900 0.000000 0.000000 0.000000 1.000000
0.998428 0.043114 0.035813 -0.003700 -0.042906 0.999058 -0.006547 21.199499 -0.036061 0.005000 0.999337 -0.826900 0.000000 0.000000 0.000000 1.000000
0.998376 0.030991 0.047795 -0.003700 -0.031365 0.999483 0.007102 21.199499 -0.047550 -0.008590 0.998832 -0.826900 0.000000 0.000000 0.000000 1.000000
0.998112 0.022153 0.057289 -0.003700 -0.024273 0.999036 0.036586 21.199499 -0.056424 -0.037908 0.997687 -0.826900 0.000000 0.000000 0.000000 1.000000
0.997840 0.016779 0.063510 -0.003700 -0.021413 0.997101 0.073017 21.199499 -0.062101 -0.074219 0.995307 -0.826900 0.000000 0.000000 0.000000 1.000000
0.997742 0.015443 0.065363 -0.003700 -0.022206 0.994325 0.104043 21.199499 -0.063385 -0.105260 0.992423 -0.826900 0.000000 0.000000 0.000000 1.000000
0.997880 0.018646 0.062353 -0.003700 -0.026031 0.992455 0.119811 21.199499 -0.059648 -0.121180 0.990837 -0.826900 0.000000 0.000000 0.000000 1.000000
0.998085 0.025906 0.056165 -0.003700 -0.032376 0.992541 0.117535 21.199499 -0.052701 -0.119129 0.991479 -0.826900 0.000000 0.000000 0.000000 1.000000
0.998135 0.035698 0.049528 -0.003700 -0.040520 0.994157 0.100049 21.199499 -0.045668 -0.101869 0.993749 -0.826900 0.000000 0.000000 0.000000 1.000000</float_array><technique_common><accessor source="#Neck-Matrix-animation-output-transform-array" count="25" stride="16"><param type="float4x4"/></accessor></technique_common></source><source id="Neck-Interpolations"><Name_array id="Neck-Interpolations-array" count="25">
 LINEAR LINEAR LINEAR LINEAR LINEAR LINEAR LINEAR LINEAR LINEAR LINEAR LINEAR
LINEAR LINEAR LINEAR LINEAR LINEAR LINEAR LINEAR LINEAR LINEAR LINEAR LINEAR LINEAR
LINEAR LINEAR</Name_array><technique_common><accessor source="#Neck-Interpolations-array" count="25"><param type="name"/></accessor></technique_common></source><sampler id="Neck-Matrix-animation-transform"><input semantic="INPUT" source="#Neck-Matrix-animation-input"/><input semantic="OUTPUT" source="#Neck-Matrix-animation-output-transform"/><input semantic="INTERPOLATION" source="#Neck-Interpolations"/></sampler><channel source="#Neck-Matrix-animation-transform" target="Neck/matrix"/></animation>
    <animation id="Head-anim" name="Head"><source id="Head-Matrix-animation-input"><float_array id="Head-Matrix-animation-input-array" count="25">

0.000000 0.033333 0.066667 0.100000 0.133333 0.166667 0.200000 0.233333 0.266667 0.300000 0.333333 0.366667 0.400000 0.433333 0.466667 0.500000
0.533333 0.566667 0.600000 0.633333 0.666667 0.700000 0.733333 0.766667 0.800000</float_array><technique_common><accessor source="#Head-Matrix-animation-input-array" count="25"><param name="TIME" type="float"/></accessor></technique_common></source><source id="Head-Matrix-animation-output-transform"><float_array id="Head-Matrix-animation-output-transform-array" count="400">

0.950375 0.087936 0.298420 0.000000 -0.248543 0.791544 0.558287 20.442200 -0.187118 -0.604752 0.774120 4.834800 0.000000 0.000000 0.000000 1.000000
0.960289 0.103502 0.259098 -0.000000 -0.237801 0.789335 0.566040 20.442200 -0.145929 -0.605176 0.782603 4.834800 0.000000 0.000000 0.000000 1.000000
0.971410 0.103860 0.213486 0.000000 -0.210597 0.792100 0.572911 20.442200 -0.109600 -0.601490 0.791326 4.834800 0.000000 0.000000 0.000000 1.000000
0.983428 0.085492 0.159877 -0.000000 -0.163011 0.802936 0.573342 20.442200 -0.079355 -0.589902 0.803566 4.834800 0.000000 0.000000 0.000000 1.000000
0.994059 0.049648 0.096855 0.000000 -0.095921 0.820132 0.564076 20.442200 -0.051428 -0.570016 0.820023 4.834800 0.000000 0.000000 0.000000 1.000000
0.999639 0.003153 0.026670 -0.000000 -0.017263 0.836202 0.548149 20.442200 -0.020573 -0.548412 0.835955 4.834800 0.000000 0.000000 0.000000 1.000000
0.998116 -0.042566 -0.044195 -0.000000 0.059651 0.841966 0.536223 20.442200 0.014386 -0.537849 0.842919 4.834800 0.000000 0.000000 0.000000 1.000000
0.991319 -0.076235 -0.107119 0.000000 0.122285 0.833900 0.538198 20.442200 0.048297 -0.546625 0.835983 4.834800 0.000000 0.000000 0.000000 1.000000
0.983534 -0.092634 -0.155175 0.000000 0.164588 0.813757 0.557414 20.442200 0.074640 -0.573776 0.815604 4.834800 0.000000 0.000000 0.000000 1.000000
0.978387 -0.095237 -0.183548 -0.000000 0.187159 0.785273 0.590184 20.442200 0.087928 -0.611781 0.786125 4.834800 0.000000 0.000000 0.000000 1.000000
0.977060 -0.092816 -0.191673 0.000000 0.194769 0.753453 0.627992 20.442200 0.086129 -0.650918 0.754246 4.834800 0.000000 0.000000 0.000000 1.000000
0.978980 -0.091485 -0.182287 -0.000000 0.190947 0.725201 0.661531 20.442200 0.071675 -0.682432 0.727426 4.834800 0.000000 0.000000 0.000000 1.000000
0.983456 -0.089602 -0.157437 0.000000 0.174345 0.704138 0.688327 20.442200 0.049182 -0.704387 0.708110 4.834800 0.000000 0.000000 0.000000 1.000000
0.989662 -0.082998 -0.116961 -0.000000 0.141817 0.687841 0.711873 20.442200 0.021367 -0.721101 0.692501 4.834800 0.000000 0.000000 0.000000 1.000000
0.995813 -0.069630 -0.059222 0.000000 0.090748 0.675304 0.731935 20.442200 -0.010972 -0.734245 0.678795 4.834800 0.000000 0.000000 0.000000 1.000000
0.998593 -0.048804 0.020726 0.000000 0.017455 0.671690 0.740627 20.442200 -0.050067 -0.739223 0.671597 4.834800 0.000000 0.000000 0.000000 1.000000
0.993462 -0.024529 0.111501 0.000000 -0.065369 0.678493 0.731693 20.442200 -0.093601 -0.734197 0.672453 4.834800 0.000000 0.000000 0.000000 1.000000
0.979682 -0.001538 0.200550 0.000000 -0.142791 0.696832 0.702877 20.442200 -0.140831 -0.717233 0.682454 4.834800 0.000000 0.000000 0.000000 1.000000
0.961293 0.014844 0.275127 0.000000 -0.200119 0.723982 0.660154 20.442200 -0.189388 -0.689659 0.698929 4.834800 0.000000 0.000000 0.000000 1.000000
0.944309 0.023261 0.328237 -0.000000 -0.232511 0.753018 0.615551 20.442200 -0.232850 -0.657589 0.716490 4.834800 0.000000 0.000000 0.000000 1.000000
0.933000 0.027546 0.358820 -0.000000 -0.245965 0.776645 0.579935 20.442200 -0.262701 -0.629336 0.731385 4.834800 0.000000 0.000000 0.000000 1.000000
0.929370 0.034227 0.367560 0.000000 -0.250084 0.790768 0.558698 20.442200 -0.271532 -0.611158 0.743476 4.834800 0.000000 0.000000 0.000000 1.000000
0.932971 0.048100 0.356723 0.000000 -0.251737 0.795545 0.551123 20.442200 -0.257280 -0.603982 0.754329 4.834800 0.000000 0.000000 0.000000 1.000000
0.940894 0.068250 0.331753 0.000000 -0.252527 0.794109 0.552830 20.442200 -0.225717 -0.603931 0.764407 4.834800 0.000000 0.000000 0.000000 1.000000
0.950375 0.087936 0.298420 -0.000000 -0.248543 0.791544 0.558287 20.442200 -0.187118 -0.604752 0.774120 4.834800 0.000000 0.000000 0.000000 1.000000</float_array><technique_common><accessor source="#Head-Matrix-animation-output-transform-array" count="25" stride="16"><param type="float4x4"/></accessor></technique_common></source><source id="Head-Interpolations"><Name_array id="Head-Interpolations-array" count="25">
 LINEAR LINEAR LINEAR LINEAR LINEAR LINEAR LINEAR LINEAR LINEAR LINEAR LINEAR
LINEAR LINEAR LINEAR LINEAR LINEAR LINEAR LINEAR LINEAR LINEAR LINEAR LINEAR LINEAR
LINEAR LINEAR</Name_array><technique_common><accessor source="#Head-Interpolations-array" count="25"><param type="name"/></accessor></technique_common></source><sampler id="Head-Matrix-animation-transform"><input semantic="INPUT" source="#Head-Matrix-animation-input"/><input semantic="OUTPUT" source="#Head-Matrix-animation-output-transform"/><input semantic="INTERPOLATION" source="#Head-Interpolations"/></sampler><channel source="#Head-Matrix-animation-transform" target="Head/matrix"/></animation>
    <animation id="LeftShoulder-anim" name="LeftShoulder"><source id="LeftShoulder-Matrix-animation-input"><float_array id="LeftShoulder-Matrix-animation-input-array" count="25">

0.000000 0.033333 0.066667 0.100000 0.133333 0.166667 0.200000 0.233333 0.266667 0.300000 0.333333 0.366667 0.400000 0.433333 0.466667 0.500000
0.533333 0.566667 0.600000 0.633333 0.666667 0.700000 0.733333 0.766667 0.800000</float_array><technique_common><accessor source="#LeftShoulder-Matrix-animation-input-array" count="25"><param name="TIME" type="float"/></accessor></technique_common></source><source id="LeftShoulder-Matrix-animation-output-transform"><float_array id="LeftShoulder-Matrix-animation-output-transform-array" count="400">

0.988109 0.153713 0.003643 6.576300 -0.153547 0.987724 -0.028723 17.588400 -0.008013 0.027822 0.999581 -2.744500 0.000000 0.000000 0.000000 1.000000
0.990658 0.133895 -0.025841 6.576300 -0.134708 0.990342 -0.032802 17.588400 0.021199 0.035976 0.999128 -2.744500 0.000000 0.000000 0.000000 1.000000
0.992921 0.109371 -0.046316 6.576300 -0.111157 0.993080 -0.037907 17.588400 0.041850 0.042788 0.998207 -2.744500 0.000000 0.000000 0.000000 1.000000
0.994838 0.082459 -0.059146 6.576300 -0.085110 0.995408 -0.043811 17.588400 0.055262 0.048619 0.997287 -2.744500 0.000000 0.000000 0.000000 1.000000
0.996195 0.056940 -0.065985 6.576300 -0.060299 0.996923 -0.050085 17.588400 0.062930 0.053873 0.996563 -2.744500 0.000000 0.000000 0.000000 1.000000
0.997116 0.037344 -0.066068 6.576300 -0.041042 0.997612 -0.055543 17.588400 0.063836 0.058095 0.996268 -2.744500 0.000000 0.000000 0.000000 1.000000
0.998049 0.027739 -0.055929 6.576300 -0.030999 0.997818 -0.058287 17.588400 0.054190 0.059907 0.996732 -2.744500 0.000000 0.000000 0.000000 1.000000
0.999002 0.028746 -0.034199 6.576300 -0.030671 0.997894 -0.057163 17.588400 0.032484 0.058154 0.997779 -2.744500 0.000000 0.000000 0.000000 1.000000
0.999232 0.039009 -0.003824 6.576300 -0.039157 0.997828 -0.052979 17.588400 0.001749 0.053088 0.998588 -2.744500 0.000000 0.000000 0.000000 1.000000
0.998092 0.054590 0.028840 6.576300 -0.053166 0.997429 -0.048044 17.588400 -0.031389 0.046419 0.998429 -2.744500 0.000000 0.000000 0.000000 1.000000
0.995936 0.070082 0.056577 6.576300 -0.067634 0.996736 -0.044083 17.588400 -0.059482 0.040078 0.997425 -2.744500 0.000000 0.000000 0.000000 1.000000
0.994244 0.077547 0.073934 6.576300 -0.074701 0.996382 -0.040522 17.588400 -0.076809 0.034766 0.996440 -2.744500 0.000000 0.000000 0.000000 1.000000
0.993697 0.075949 0.082453 6.576300 -0.073249 0.996689 -0.035303 17.588400 -0.084861 0.029041 0.995969 -2.744500 0.000000 0.000000 0.000000 1.000000
0.993598 0.071400 0.087550 6.576300 -0.069266 0.997228 -0.027174 17.588400 -0.089248 0.020935 0.995789 -2.744500 0.000000 0.000000 0.000000 1.000000
0.992748 0.071176 0.096875 6.576300 -0.069917 0.997419 -0.016329 17.588400 -0.097787 0.009437 0.995163 -2.744500 0.000000 0.000000 0.000000 1.000000
0.989451 0.083759 0.118203 6.576300 -0.083886 0.996468 -0.003916 17.588400 -0.118113 -0.006041 0.992982 -2.744500 0.000000 0.000000 0.000000 1.000000
0.984618 0.102623 0.141409 6.576300 -0.104367 0.994527 0.004950 17.588400 -0.140127 -0.019632 0.989939 -2.744500 0.000000 0.000000 0.000000 1.000000
0.979206 0.125515 0.159376 6.576300 -0.128254 0.991717 0.006977 17.588400 -0.157181 -0.027272 0.987193 -2.744500 0.000000 0.000000 0.000000 1.000000
0.974746 0.149138 0.166216 6.576300 -0.151533 0.988451 0.001749 17.588400 -0.164035 -0.026892 0.986088 -2.744500 0.000000 0.000000 0.000000 1.000000
0.972420 0.169401 0.160322 6.576300 -0.170365 0.985350 -0.007812 17.588400 -0.159296 -0.019716 0.987034 -2.744500 0.000000 0.000000 0.000000 1.000000
0.972830 0.182054 0.143035 6.576300 -0.181436 0.983248 -0.017459 17.588400 -0.143818 -0.008967 0.989564 -2.744500 0.000000 0.000000 0.000000 1.000000
0.975790 0.185163 0.116396 6.576300 -0.183616 0.982706 -0.023970 17.588400 -0.118821 0.002017 0.992914 -2.744500 0.000000 0.000000 0.000000 1.000000
0.980229 0.179978 0.082218 6.576300 -0.178355 0.983603 -0.026742 17.588400 -0.085683 0.011549 0.996256 -2.744500 0.000000 0.000000 0.000000 1.000000
0.984671 0.168925 0.043437 6.576300 -0.167840 0.985429 -0.027560 17.588400 -0.047460 0.019847 0.998676 -2.744500 0.000000 0.000000 0.000000 1.000000
0.988108 0.153718 0.003645 6.576300 -0.153552 0.987723 -0.028722 17.588400 -0.008015 0.027821 0.999581 -2.744500 0.000000 0.000000 0.000000 1.000000</float_array><technique_common><accessor source="#LeftShoulder-Matrix-animation-output-transform-array" count="25" stride="16"><param type="float4x4"/></accessor></technique_common></source><source id="LeftShoulder-Interpolations"><Name_array id="LeftShoulder-Interpolations-array" count="25">
 LINEAR LINEAR LINEAR LINEAR LINEAR LINEAR LINEAR LINEAR LINEAR LINEAR LINEAR
LINEAR LINEAR LINEAR LINEAR LINEAR LINEAR LINEAR LINEAR LINEAR LINEAR LINEAR LINEAR
LINEAR LINEAR</Name_array><technique_common><accessor source="#LeftShoulder-Interpolations-array" count="25"><param type="name"/></accessor></technique_common></source><sampler id="LeftShoulder-Matrix-animation-transform"><input semantic="INPUT" source="#LeftShoulder-Matrix-animation-input"/><input semantic="OUTPUT" source="#LeftShoulder-Matrix-animation-output-transform"/><input semantic="INTERPOLATION" source="#LeftShoulder-Interpolations"/></sampler><channel source="#LeftShoulder-Matrix-animation-transform" target="LeftShoulder/matrix"/></animation>
    <animation id="LeftArm-anim" name="LeftArm"><source id="LeftArm-Matrix-animation-input"><float_array id="LeftArm-Matrix-animation-input-array" count="25">

0.000000 0.033333 0.066667 0.100000 0.133333 0.166667 0.200000 0.233333 0.266667 0.300000 0.333333 0.366667 0.400000 0.433333 0.466667 0.500000
0.533333 0.566667 0.600000 0.633333 0.666667 0.700000 0.733333 0.766667 0.800000</float_array><technique_common><accessor source="#LeftArm-Matrix-animation-input-array" count="25"><param name="TIME" type="float"/></accessor></technique_common></source><source id="LeftArm-Matrix-animation-output-transform"><float_array id="LeftArm-Matrix-animation-output-transform-array" count="400">

0.755840 0.489075 -0.435329 11.953300 -0.421083 0.872229 0.248810 -2.279000 0.501393 -0.004751 0.865207 -0.146200 0.000000 0.000000 0.000000 1.000000
0.782003 0.529151 -0.329349 11.953300 -0.504331 0.847700 0.164484 -2.279000 0.366226 0.037474 0.929771 -0.146200 0.000000 0.000000 0.000000 1.000000
0.792193 0.563607 -0.234045 11.953300 -0.560975 0.823524 0.084359 -2.279000 0.240287 0.064465 0.968559 -0.146200 0.000000 0.000000 0.000000 1.000000
0.791224 0.590786 -0.157915 11.953300 -0.595638 0.803009 0.019778 -2.279000 0.138492 0.078411 0.987255 -0.146200 0.000000 0.000000 0.000000 1.000000
0.788166 0.605316 -0.111296 11.953300 -0.610897 0.791407 -0.021896 -2.279000 0.074827 0.085248 0.993546 -0.146200 0.000000 0.000000 0.000000 1.000000
0.792715 0.600397 -0.105481 11.953300 -0.606389 0.794370 -0.035613 -2.279000 0.062409 0.092194 0.993783 -0.146200 0.000000 0.000000 0.000000 1.000000
0.806003 0.572696 -0.149593 11.953300 -0.580759 0.813973 -0.012929 -2.279000 0.114360 0.097298 0.988663 -0.146200 0.000000 0.000000 0.000000 1.000000
0.812572 0.532062 -0.237984 11.953300 -0.536817 0.842214 0.050033 -2.279000 0.227053 0.087099 0.969980 -0.146200 0.000000 0.000000 0.000000 1.000000
0.792084 0.498199 -0.352705 11.953300 -0.476840 0.865745 0.152016 -2.279000 0.381087 0.047775 0.923304 -0.146200 0.000000 0.000000 0.000000 1.000000
