<?xml version="1.0" encoding="utf-8"?>
<COLLADA xmlns="http://www.collada.org/2005/11/COLLADASchema" version="1.4.1">
  <asset><contributor><author>Mixamo</author><authoring_tool>COLLADA Mixamo exporter</authoring_tool><comments></comments></contributor><created>2018-10-29T12:22:22Z</created><modified>2018-10-29T12:22:22Z</modified><revision></revision><title></title><unit meter="0.010000"/><up_axis>Y_UP</up_axis></asset>
  <library_animations>
    <animation id="Hips-anim" name="Hips"><source id="Hips-Matrix-animation-input"><float_array id="Hips-Matrix-animation-input-array" count="122">

0.000000 0.033333 0.066667 0.100000 0.133333 0.166667 0.200000 0.233333 0.266667 0.300000 0.333333 0.366667 0.400000 0.433333 0.466667 0.500000
0.533333 0.566667 0.600000 0.633333 0.666667 0.700000 0.733333 0.766667 0.800000 0.833333 0.866667 0.900000 0.933333 0.966667 1.000000 1.033333
1.066667 1.100000 1.133333 1.166667 1.200000 1.233333 1.266667 1.300000 1.333333 1.366667 1.400000 1.433333 1.466667 1.500000 1.533333 1.566667
1.600000 1.633333 1.666667 1.700000 1.733333 1.766667 1.800000 1.833333 1.866667 1.900000 1.933333 1.966667 2.000000 2.033333 2.066667 2.100000
2.133333 2.166667 2.200000 2.233333 2.266667 2.300000 2.333333 2.366667 2.400000 2.433333 2.466667 2.500000 2.533333 2.566667 2.600000 2.633333
2.666667 2.700000 2.733333 2.766667 2.800000 2.833333 2.866667 2.900000 2.933333 2.966667 3.000000 3.033333 3.066667 3.100000 3.133333 3.166667
3.200000 3.233333 3.266667 3.300000 3.333333 3.366667 3.400000 3.433333 3.466667 3.500000 3.533333 3.566667 3.600000 3.633333 3.666667 3.700000
3.733333 3.766667 3.800000 3.833333 3.866667 3.900000 3.933333 3.966667 4.000000 4.033333</float_array><technique_common><accessor source="#Hips-Matrix-animation-input-array" count="122"><param name="TIME" type="float"/></accessor></technique_common></source><source id="Hips-Matrix-animation-output-transform"><float_array id="Hips-Matrix-animation-output-transform-array" count="1952">

0.918817 0.025156 0.393881 -0.426707 0.005222 0.997105 -0.075863 94.514977 -0.394649 0.071761 0.916025 -1.874736 0.000000 0.000000 0.000000 1.000000
0.924882 0.030757 0.379009 -0.039660 -0.002264 0.997151 -0.075394 94.353157 -0.380248 0.068873 0.922317 -0.348189 0.000000 0.000000 0.000000 1.000000
0.934349 0.035786 0.354557 0.491507 -0.010258 0.997234 -0.073621 94.203476 -0.356210 0.065150 0.932132 1.303235 0.000000 0.000000 0.000000 1.000000
0.947235 0.040537 0.317968 1.185270 -0.018788 0.997287 -0.071171 94.022697 -0.319990 0.061442 0.945426 3.058659 0.000000 0.000000 0.000000 1.000000
0.962785 0.041646 0.267042 2.051644 -0.024637 0.997467 -0.066735 93.840675 -0.269145 0.057672 0.961371 4.890076 0.000000 0.000000 0.000000 1.000000
0.979368 0.036627 0.198738 3.157081 -0.025781 0.998047 -0.056894 93.619835 -0.200434 0.050596 0.978400 6.796542 0.000000 0.000000 0.000000 1.000000
0.993587 0.025657 0.110122 4.525051 -0.021402 0.998985 -0.039643 93.350838 -0.111028 0.037032 0.993127 8.754895 0.000000 0.000000 0.000000 1.000000
0.999897 0.014371 0.000492 6.132782 -0.014360 0.999741 -0.017667 92.918320 -0.000745 0.017658 0.999844 10.750498 0.000000 0.000000 0.000000 1.000000
0.992165 0.007808 -0.124688 7.933736 -0.007598 0.999969 0.002160 92.161705 0.124701 -0.001195 0.992194 12.780901 0.000000 0.000000 0.000000 1.000000
0.967458 0.006045 -0.252960 9.832599 -0.002934 0.999915 0.012674 90.985474 0.253015 -0.011520 0.967394 14.857241 0.000000 0.000000 0.000000 1.000000
0.929983 0.006341 -0.367548 11.752088 -0.002347 0.999933 0.011312 89.507736 0.367595 -0.009657 0.929936 16.886560 0.000000 0.000000 0.000000 1.000000
0.891683 0.010411 -0.452541 13.744998 -0.010061 0.999944 0.003180 87.767540 0.452549 0.001718 0.891738 19.121698 0.000000 0.000000 0.000000 1.000000
0.864728 0.023148 -0.501706 15.707458 -0.028123 0.999602 -0.002350 86.105492 0.501452 0.016142 0.865035 21.214291 0.000000 0.000000 0.000000 1.000000
0.853818 0.039420 -0.519078 17.457039 -0.049090 0.998782 -0.004896 84.853973 0.518253 0.029662 0.854713 23.063343 0.000000 0.000000 0.000000 1.000000
0.854103 0.048924 -0.517798 18.845190 -0.065699 0.997740 -0.014098 84.250748 0.515938 0.046060 0.855387 24.604309 0.000000 0.000000 0.000000 1.000000
0.858882 0.046572 -0.510051 19.838963 -0.076183 0.996396 -0.037306 84.322418 0.506475 0.070899 0.859335 25.805185 0.000000 0.000000 0.000000 1.000000
0.865664 0.037888 -0.499190 20.524141 -0.083718 0.994047 -0.069732 84.864731 0.493576 0.102155 0.863682 26.727680 0.000000 0.000000 0.000000 1.000000
0.874576 0.031425 -0.483870 21.019400 -0.090518 0.990937 -0.099251 85.603729 0.476365 0.130602 0.869494 27.496296 0.000000 0.000000 0.000000 1.000000
0.884344 0.029928 -0.465876 21.404770 -0.095812 0.988335 -0.118384 86.328156 0.456899 0.149329 0.876895 28.216196 0.000000 0.000000 0.000000 1.000000
0.892588 0.031016 -0.449805 21.714487 -0.099025 0.986758 -0.128464 86.923752 0.439864 0.159208 0.883840 28.937378 0.000000 0.000000 0.000000 1.000000
0.898418 0.032667 -0.437925 21.964199 -0.101290 0.985755 -0.134266 87.355293 0.427301 0.164984 0.888929 29.684265 0.000000 0.000000 0.000000 1.000000
0.902549 0.034549 -0.429199 22.171743 -0.103512 0.984954 -0.138386 87.631111 0.417960 0.169327 0.892546 30.484983 0.000000 0.000000 0.000000 1.000000
0.905649 0.035734 -0.422519 22.367138 -0.104611 0.984472 -0.140967 87.776947 0.410921 0.171866 0.895325 31.358486 0.000000 0.000000 0.000000 1.000000
0.907587 0.034404 -0.418452 22.595802 -0.102848 0.984491 -0.142126 87.817169 0.407073 0.172029 0.897049 32.293892 0.000000 0.000000 0.000000 1.000000
0.908073 0.029806 -0.417751 22.904055 -0.098053 0.984872 -0.142871 87.764313 0.407173 0.170699 0.897258 33.257614 0.000000 0.000000 0.000000 1.000000
0.907273 0.023068 -0.419909 23.315584 -0.091750 0.985299 -0.144112 87.622612 0.410412 0.169276 0.896051 34.223312 0.000000 0.000000 0.000000 1.000000
0.905595 0.015777 -0.423851 23.826456 -0.085387 0.985630 -0.145749 87.404121 0.415461 0.168181 0.893928 35.201851 0.000000 0.000000 0.000000 1.000000
0.903027 0.008523 -0.429500 24.418135 -0.079133 0.985994 -0.146812 87.132080 0.422233 0.166563 0.891053 36.237598 0.000000 0.000000 0.000000 1.000000
0.898993 0.001402 -0.437961 25.069283 -0.072735 0.986586 -0.146145 86.827133 0.431881 0.163238 0.887036 37.368473 0.000000 0.000000 0.000000 1.000000
0.893047 -0.004274 -0.449943 25.770117 -0.067421 0.987395 -0.143196 86.511002 0.444884 0.158216 0.881502 38.606369 0.000000 0.000000 0.000000 1.000000
0.885583 -0.006965 -0.464429 26.521332 -0.064946 0.988208 -0.138661 86.219803 0.459918 0.152959 0.874688 39.931396 0.000000 0.000000 0.000000 1.000000
0.877519 -0.006553 -0.479497 27.330215 -0.065859 0.988785 -0.134040 86.010910 0.474998 0.149202 0.867246 41.326599 0.000000 0.000000 0.000000 1.000000
0.869555 -0.003346 -0.493825 28.206303 -0.070002 0.989044 -0.129966 85.993851 0.488850 0.147581 0.859794 42.821709 0.000000 0.000000 0.000000 1.000000
0.861974 0.002431 -0.506947 29.105545 -0.076284 0.989224 -0.124964 86.231178 0.501181 0.146388 0.852871 44.402893 0.000000 0.000000 0.000000 1.000000
0.860301 0.011899 -0.509647 29.933262 -0.083597 0.989487 -0.118012 86.672050 0.502885 0.144130 0.852252 45.958458 0.000000 0.000000 0.000000 1.000000
0.858965 0.021150 -0.511598 30.581661 -0.090026 0.989820 -0.110231 87.213051 0.504058 0.140742 0.852125 47.343971 0.000000 0.000000 0.000000 1.000000
0.858119 0.030061 -0.512571 31.005911 -0.095495 0.990211 -0.101800 87.760048 0.504493 0.136304 0.852589 48.494411 0.000000 0.000000 0.000000 1.000000
0.857874 0.039651 -0.512328 31.264576 -0.101266 0.990512 -0.092907 88.283974 0.503784 0.131584 0.853749 49.451447 0.000000 0.000000 0.000000 1.000000
0.858279 0.050378 -0.510704 31.430326 -0.107985 0.990618 -0.083759 88.706009 0.501693 0.127037 0.855667 50.299599 0.000000 0.000000 0.000000 1.000000
0.859316 0.062298 -0.507637 31.555576 -0.115833 0.990469 -0.074528 89.050156 0.498156 0.122844 0.858342 51.117893 0.000000 0.000000 0.000000 1.000000
0.861001 0.074360 -0.503137 31.650949 -0.123724 0.990160 -0.065385 89.366219 0.493324 0.118547 0.861729 51.933765 0.000000 0.000000 0.000000 1.000000
0.863412 0.085583 -0.497187 31.695023 -0.130648 0.989818 -0.056501 89.618210 0.487289 0.113740 0.865802 52.722549 0.000000 0.000000 0.000000 1.000000
0.866565 0.096679 -0.489610 31.683615 -0.137537 0.989329 -0.048074 89.847404 0.479737 0.108998 0.870615 53.531364 0.000000 0.000000 0.000000 1.000000
0.870492 0.107590 -0.480280 31.597050 -0.144425 0.988696 -0.040283 90.057518 0.470517 0.104430 0.876190 54.370872 0.000000 0.000000 0.000000 1.000000
0.875198 0.117745 -0.469216 31.425617 -0.150758 0.988011 -0.033267 90.240845 0.459673 0.099854 0.882457 55.250019 0.000000 0.000000 0.000000 1.000000
0.880723 0.126938 -0.456305 31.179983 -0.156393 0.987320 -0.027198 90.398872 0.447067 0.095316 0.889408 56.157166 0.000000 0.000000 0.000000 1.000000
0.887092 0.134921 -0.441434 30.868729 -0.161132 0.986682 -0.022234 90.533813 0.432556 0.090853 0.897018 57.060589 0.000000 0.000000 0.000000 1.000000
0.894314 0.141385 -0.424514 30.465803 -0.164698 0.986170 -0.018520 90.643776 0.416025 0.086480 0.905232 57.957592 0.000000 0.000000 0.000000 1.000000
0.902375 0.146129 -0.405420 29.920456 -0.166920 0.985837 -0.016193 90.729881 0.397312 0.082284 0.913987 58.903069 0.000000 0.000000 0.000000 1.000000
0.911221 0.149101 -0.383986 29.233974 -0.167736 0.985713 -0.015296 90.787346 0.376219 0.078347 0.923212 59.950260 0.000000 0.000000 0.000000 1.000000
0.920588 0.151470 -0.359966 28.522745 -0.168203 0.985632 -0.015425 90.803314 0.352457 0.074748 0.932838 61.076923 0.000000 0.000000 0.000000 1.000000
0.930294 0.152886 -0.333436 27.922789 -0.167890 0.985668 -0.016472 90.767845 0.326138 0.071304 0.942629 62.196911 0.000000 0.000000 0.000000 1.000000
0.940157 0.152868 -0.304526 27.474966 -0.166262 0.985910 -0.018384 90.671692 0.297425 0.067915 0.952327 63.259247 0.000000 0.000000 0.000000 1.000000
0.949993 0.150958 -0.273357 27.103323 -0.162819 0.986430 -0.021099 90.506134 0.266463 0.064552 0.961681 64.301399 0.000000 0.000000 0.000000 1.000000
0.959571 0.146863 -0.240113 26.718502 -0.157236 0.987257 -0.024520 90.269981 0.233452 0.061283 0.970435 65.401352 0.000000 0.000000 0.000000 1.000000
0.968492 0.142025 -0.204579 26.294188 -0.150940 0.988130 -0.028572 89.988419 0.198093 0.058551 0.978433 66.610023 0.000000 0.000000 0.000000 1.000000
0.976623 0.135580 -0.166809 25.831028 -0.142986 0.989169 -0.033160 89.662109 0.160506 0.056236 0.985431 67.909195 0.000000 0.000000 0.000000 1.000000
0.983690 0.127645 -0.126731 25.343010 -0.133423 0.990324 -0.038168 89.307045 0.120633 0.054454 0.991203 69.289658 0.000000 0.000000 0.000000 1.000000
0.989285 0.119171 -0.084337 24.843819 -0.123134 0.991439 -0.043446 88.970245 0.078438 0.053365 0.995490 70.775932 0.000000 0.000000 0.000000 1.000000
0.993000 0.111179 -0.039868 24.338787 -0.113071 0.992387 -0.048823 88.697105 0.034137 0.052989 0.998011 72.390892 0.000000 0.000000 0.000000 1.000000
0.994536 0.104207 0.006232 23.789755 -0.103721 0.993133 -0.054116 88.503250 -0.011828 0.053174 0.998515 74.107285 0.000000 0.000000 0.000000 1.000000
0.993749 0.097988 0.053484 23.108419 -0.094805 0.993738 -0.059131 88.389763 -0.058943 0.053690 0.996816 75.834396 0.000000 0.000000 0.000000 1.000000
0.990585 0.091864 0.101502 22.244228 -0.085684 0.994286 -0.063663 88.337975 -0.106770 0.054366 0.992796 77.467964 0.000000 0.000000 0.000000 1.000000
0.984785 0.088499 0.149553 21.296032 -0.079112 0.994571 -0.067603 88.516861 -0.154724 0.054743 0.986440 78.897530 0.000000 0.000000 0.000000 1.000000
0.976617 0.083899 0.197938 20.303408 -0.071148 0.994958 -0.070684 88.738136 -0.202871 0.054948 0.977663 80.152489 0.000000 0.000000 0.000000 1.000000
0.965397 0.073733 0.250145 19.233612 -0.057167 0.995702 -0.072867 88.848488 -0.254443 0.056045 0.965462 81.286301 0.000000 0.000000 0.000000 1.000000
0.949793 0.056743 0.307689 18.054550 -0.035644 0.996638 -0.073768 88.856247 -0.310841 0.059097 0.948623 82.322418 0.000000 0.000000 0.000000 1.000000
0.929179 0.031933 0.368248 16.674107 -0.005454 0.997337 -0.072724 88.646141 -0.369589 0.065565 0.926879 83.385384 0.000000 0.000000 0.000000 1.000000
0.902964 0.003618 0.429702 15.165324 0.028976 0.997176 -0.069286 88.310181 -0.428739 0.075014 0.900309 84.451271 0.000000 0.000000 0.000000 1.000000
0.871945 -0.023544 0.489037 13.621512 0.062591 0.996008 -0.063646 88.004074 -0.485586 0.086105 0.869938 85.474770 0.000000 0.000000 0.000000 1.000000
0.837793 -0.047213 0.543943 12.088758 0.092618 0.994105 -0.056365 87.773849 -0.538075 0.097601 0.837227 86.447365 0.000000 0.000000 0.000000 1.000000
0.827739 -0.011016 0.561005 10.346022 0.081562 0.991551 -0.100872 86.608826 -0.555154 0.129253 0.821643 87.791466 0.000000 0.000000 0.000000 1.000000
0.824930 0.013382 0.565076 8.903608 0.074289 0.988481 -0.131860 86.154770 -0.560332 0.150754 0.814433 88.994408 0.000000 0.000000 0.000000 1.000000
0.825564 0.026355 0.563693 7.819678 0.073352 0.985422 -0.153502 86.363487 -0.559521 0.168074 0.811596 90.021889 0.000000 0.000000 0.000000 1.000000
0.826082 0.033425 0.562557 7.082467 0.078386 0.981721 -0.173436 87.021179 -0.558071 0.187369 0.808362 90.849693 0.000000 0.000000 0.000000 1.000000
0.826699 0.038911 0.561297 6.593082 0.085734 0.977244 -0.194018 87.818680 -0.556074 0.208517 0.804551 91.521957 0.000000 0.000000 0.000000 1.000000
0.829327 0.042422 0.557151 6.251849 0.091240 0.973449 -0.209933 88.521851 -0.551264 0.224938 0.803437 92.109612 0.000000 0.000000 0.000000 1.000000
0.833915 0.042776 0.550233 6.005145 0.092612 0.972008 -0.215924 89.019348 -0.544068 0.231020 0.806610 92.650032 0.000000 0.000000 0.000000 1.000000
0.839160 0.040833 0.542349 5.838139 0.089902 0.973047 -0.212363 89.291229 -0.536402 0.226965 0.812871 93.131615 0.000000 0.000000 0.000000 1.000000
0.844753 0.037828 0.533818 5.716800 0.084741 0.975458 -0.203224 89.406349 -0.528405 0.216911 0.820815 93.559723 0.000000 0.000000 0.000000 1.000000
0.851069 0.034486 0.523920 5.603168 0.078773 0.978160 -0.192347 89.409920 -0.519111 0.204971 0.829766 93.962318 0.000000 0.000000 0.000000 1.000000
0.857852 0.032407 0.512873 5.461711 0.072396 0.980436 -0.183042 89.316109 -0.508771 0.194153 0.838723 94.366989 0.000000 0.000000 0.000000 1.000000
0.864463 0.034000 0.501545 5.253278 0.065042 0.981758 -0.178661 89.158295 -0.498471 0.187068 0.846482 94.799133 0.000000 0.000000 0.000000 1.000000
0.870590 0.040006 0.490380 4.931049 0.056546 0.981949 -0.180497 88.987183 -0.488749 0.184868 0.852613 95.293816 0.000000 0.000000 0.000000 1.000000
0.876101 0.048517 0.479681 4.459609 0.047408 0.981433 -0.185854 88.847778 -0.479791 0.185568 0.857534 95.877655 0.000000 0.000000 0.000000 1.000000
0.880563 0.056613 0.470536 3.829783 0.038649 0.980955 -0.190352 88.729492 -0.472351 0.185803 0.861605 96.548828 0.000000 0.000000 0.000000 1.000000
0.883501 0.063383 0.464122 3.062482 0.030940 0.980744 -0.192834 88.600281 -0.467407 0.184729 0.864526 97.279770 0.000000 0.000000 0.000000 1.000000
0.884329 0.070827 0.461461 2.204006 0.024047 0.980203 -0.196528 88.422165 -0.466245 0.184892 0.865119 98.048889 0.000000 0.000000 0.000000 1.000000
0.881945 0.080942 0.464350 1.291232 0.017947 0.978664 -0.204682 88.209595 -0.471010 0.188852 0.861675 98.879295 0.000000 0.000000 0.000000 1.000000
0.874932 0.092396 0.475349 0.335185 0.014003 0.976390 -0.215560 87.998451 -0.484043 0.195257 0.852981 99.810158 0.000000 0.000000 0.000000 1.000000
0.863117 0.100708 0.494860 -0.656014 0.014150 0.974706 -0.223041 87.801331 -0.504805 0.199513 0.839861 100.834137 0.000000 0.000000 0.000000 1.000000
0.848680 0.101846 0.519009 -1.662733 0.019396 0.974632 -0.222969 87.640442 -0.528551 0.199296 0.825176 101.908386 0.000000 0.000000 0.000000 1.000000
0.834671 0.098295 0.541907 -2.589645 0.026724 0.975557 -0.218115 87.487396 -0.550101 0.196536 0.811642 102.946587 0.000000 0.000000 0.000000 1.000000
0.822855 0.094902 0.560271 -3.394134 0.034116 0.975927 -0.215414 87.400055 -0.567226 0.196369 0.799808 103.945137 0.000000 0.000000 0.000000 1.000000
0.813571 0.094315 0.573765 -4.081256 0.040829 0.975056 -0.218172 87.430847 -0.580030 0.200925 0.789427 104.939850 0.000000 0.000000 0.000000 1.000000
0.807083 0.095258 0.582703 -4.680688 0.046375 0.973624 -0.223397 87.590851 -0.588614 0.207323 0.781377 105.973816 0.000000 0.000000 0.000000 1.000000
0.803187 0.095526 0.588018 -5.206988 0.050172 0.972706 -0.226551 87.883575 -0.593611 0.211465 0.776472 107.087402 0.000000 0.000000 0.000000 1.000000
0.799783 0.095037 0.592719 -5.626247 0.051900 0.972743 -0.226002 88.292519 -0.598042 0.211515 0.773051 108.265709 0.000000 0.000000 0.000000 1.000000
0.793930 0.093491 0.600778 -5.905552 0.053455 0.973548 -0.222141 88.804688 -0.605655 0.208479 0.767931 109.442741 0.000000 0.000000 0.000000 1.000000
0.785124 0.088404 0.612997 -6.047301 0.057773 0.974991 -0.214605 89.413483 -0.616638 0.203906 0.760381 110.547974 0.000000 0.000000 0.000000 1.000000
0.776854 0.078253 0.624799 -6.067094 0.064682 0.977082 -0.202798 90.077736 -0.626349 0.197957 0.753989 111.543190 0.000000 0.000000 0.000000 1.000000
0.774272 0.064583 0.629549 -5.998290 0.071552 0.979467 -0.188480 90.766815 -0.628795 0.190980 0.753753 112.467667 0.000000 0.000000 0.000000 1.000000
0.779794 0.051084 0.623949 -5.875299 0.075852 0.981613 -0.175165 91.465408 -0.621424 0.183920 0.761581 113.383949 0.000000 0.000000 0.000000 1.000000
0.791080 0.040312 0.610383 -5.709982 0.076718 0.983410 -0.164376 92.145035 -0.606882 0.176862 0.774864 114.303993 0.000000 0.000000 0.000000 1.000000
0.803677 0.031873 0.594212 -5.489316 0.074951 0.985190 -0.154217 92.752663 -0.590327 0.168478 0.789386 115.188782 0.000000 0.000000 0.000000 1.000000
0.814993 0.024470 0.578954 -5.195598 0.071512 0.987224 -0.142393 93.229691 -0.575042 0.157451 0.802830 116.000389 0.000000 0.000000 0.000000 1.000000
0.825117 0.017894 0.564679 -4.849195 0.067230 0.989286 -0.129587 93.585060 -0.560948 0.144887 0.815074 116.770203 0.000000 0.000000 0.000000 1.000000
0.834670 0.013247 0.550592 -4.502826 0.062561 0.990960 -0.118681 93.887779 -0.547186 0.133504 0.826295 117.580139 0.000000 0.000000 0.000000 1.000000
0.843219 0.011005 0.537458 -4.202878 0.057832 0.992131 -0.111049 94.209496 -0.534450 0.124721 0.835947 118.505783 0.000000 0.000000 0.000000 1.000000
0.849911 0.011491 0.526801 -3.936445 0.051625 0.993136 -0.104952 94.503616 -0.524392 0.116396 0.843484 119.528015 0.000000 0.000000 0.000000 1.000000
0.855065 0.012780 0.518363 -3.680272 0.044432 0.994213 -0.097805 94.739639 -0.516613 0.106661 0.849550 120.617493 0.000000 0.000000 0.000000 1.000000
0.860227 0.012988 0.509746 -3.411691 0.037658 0.995328 -0.088910 94.905716 -0.508519 0.095679 0.855718 121.733650 0.000000 0.000000 0.000000 1.000000
0.866791 0.011975 0.498528 -3.113693 0.032126 0.996294 -0.079790 95.010445 -0.497636 0.085177 0.863194 122.837906 0.000000 0.000000 0.000000 1.000000
0.874961 0.011152 0.484064 -2.774641 0.027524 0.996973 -0.072719 95.069061 -0.483410 0.076950 0.872005 123.912628 0.000000 0.000000 0.000000 1.000000
0.883947 0.011810 0.467439 -2.393943 0.023220 0.997339 -0.069109 95.093140 -0.467011 0.071942 0.881320 124.964996 0.000000 0.000000 0.000000 1.000000
0.892660 0.013674 0.450523 -1.991591 0.019373 0.997452 -0.068659 95.088409 -0.450314 0.070017 0.890121 126.017380 0.000000 0.000000 0.000000 1.000000
0.900162 0.015704 0.435271 -1.600747 0.016330 0.997430 -0.069758 95.030716 -0.435248 0.069901 0.897593 127.083450 0.000000 0.000000 0.000000 1.000000
0.906064 0.014605 0.422889 -1.292472 0.016995 0.997342 -0.070857 95.009148 -0.422800 0.071388 0.903407 128.235596 0.000000 0.000000 0.000000 1.000000
0.910190 0.012484 0.414003 -1.073269 0.018927 0.997248 -0.071684 94.984474 -0.413758 0.073082 0.907449 129.470337 0.000000 0.000000 0.000000 1.000000
0.912917 0.013723 0.407914 -0.891803 0.017595 0.997182 -0.072924 94.876144 -0.407766 0.073751 0.910103 130.754852 0.000000 0.000000 0.000000 1.000000
0.915306 0.018788 0.402322 -0.694779 0.012363 0.997130 -0.074691 94.701340 -0.402570 0.073339 0.912446 132.091248 0.000000 0.000000 0.000000 1.000000
0.918817 0.025156 0.393881 -0.426699 0.005222 0.997105 -0.075863 94.514961 -0.394649 0.071761 0.916025 133.504700 0.000000 0.000000 0.000000 1.000000</float_array><technique_common><accessor source="#Hips-Matrix-animation-output-transform-array" count="122" stride="16"><param type="float4x4"/></accessor></technique_common></source><source id="Hips-Interpolations"><Name_array id="Hips-Interpolations-array" count="122">
 LINEAR LINEAR LINEAR LINEAR LINEAR LINEAR LINEAR LINEAR LINEAR LINEAR LINEAR
LINEAR LINEAR LINEAR LINEAR LINEAR LINEAR LINEAR LINEAR LINEAR LINEAR LINEAR LINEAR
LINEAR LINEAR LINEAR LINEAR LINEAR LINEAR LINEAR LINEAR LINEAR LINEAR LINEAR LINEAR
LINEAR LINEAR LINEAR LINEAR LINEAR LINEAR LINEAR LINEAR LINEAR LINEAR LINEAR LINEAR
LINEAR LINEAR LINEAR LINEAR LINEAR LINEAR LINEAR LINEAR LINEAR LINEAR LINEAR LINEAR
LINEAR LINEAR LINEAR LINEAR LINEAR LINEAR LINEAR LINEAR LINEAR LINEAR LINEAR LINEAR
LINEAR LINEAR LINEAR LINEAR LINEAR LINEAR LINEAR LINEAR LINEAR LINEAR LINEAR LINEAR
LINEAR LINEAR LINEAR LINEAR LINEAR LINEAR LINEAR LINEAR LINEAR LINEAR LINEAR LINEAR
LINEAR LINEAR LINEAR LINEAR LINEAR LINEAR LINEAR LINEAR LINEAR LINEAR LINEAR LINEAR
LINEAR LINEAR LINEAR LINEAR LINEAR LINEAR LINEAR LINEAR LINEAR LINEAR LINEAR LINEAR
LINEAR LINEAR LINEAR</Name_array><technique_common><accessor source="#Hips-Interpolations-array" count="122"><param type="name"/></accessor></technique_common></source><sampler id="Hips-Matrix-animation-transform"><input semantic="INPUT" source="#Hips-Matrix-animation-input"/><input semantic="OUTPUT" source="#Hips-Matrix-animation-output-transform"/><input semantic="INTERPOLATION" source="#Hips-Interpolations"/></sampler><channel source="#Hips-Matrix-animation-transform" target="Hips/matrix"/></animation>
    <animation id="Spine-anim" name="Spine"><source id="Spine-Matrix-animation-input"><float_array id="Spine-Matrix-animation-input-array" count="122">

0.000000 0.033333 0.066667 0.100000 0.133333 0.166667 0.200000 0.233333 0.266667 0.300000 0.333333 0.366667 0.400000 0.433333 0.466667 0.500000
0.533333 0.566667 0.600000 0.633333 0.666667 0.700000 0.733333 0.766667 0.800000 0.833333 0.866667 0.900000 0.933333 0.966667 1.000000 1.033333
1.066667 1.100000 1.133333 1.166667 1.200000 1.233333 1.266667 1.300000 1.333333 1.366667 1.400000 1.433333 1.466667 1.500000 1.533333 1.566667
1.600000 1.633333 1.666667 1.700000 1.733333 1.766667 1.800000 1.833333 1.866667 1.900000 1.933333 1.966667 2.000000 2.033333 2.066667 2.100000
2.133333 2.166667 2.200000 2.233333 2.266667 2.300000 2.333333 2.366667 2.400000 2.433333 2.466667 2.500000 2.533333 2.566667 2.600000 2.633333
2.666667 2.700000 2.733333 2.766667 2.800000 2.833333 2.866667 2.900000 2.933333 2.966667 3.000000 3.033333 3.066667 3.100000 3.133333 3.166667
3.200000 3.233333 3.266667 3.300000 3.333333 3.366667 3.400000 3.433333 3.466667 3.500000 3.533333 3.566667 3.600000 3.633333 3.666667 3.700000
3.733333 3.766667 3.800000 3.833333 3.866667 3.900000 3.933333 3.966667 4.000000 4.033333</float_array><technique_common><accessor source="#Spine-Matrix-animation-input-array" count="122"><param name="TIME" type="float"/></accessor></technique_common></source><source id="Spine-Matrix-animation-output-transform"><float_array id="Spine-Matrix-animation-output-transform-array" count="1952">

0.996555 -0.074521 -0.036393 -0.002400 0.071608 0.994558 -0.075675 12.777500 0.041835 0.072809 0.996468 0.315300 0.000000 0.000000 0.000000 1.000000
0.997011 -0.068699 -0.035352 -0.002400 0.065871 0.994948 -0.075765 12.777500 0.040379 0.073210 0.996499 0.315300 0.000000 0.000000 0.000000 1.000000
0.997464 -0.062931 -0.033242 -0.002400 0.060254 0.995272 -0.076178 12.777500 0.037878 0.073982 0.996540 0.315300 0.000000 0.000000 0.000000 1.000000
0.997929 -0.057034 -0.029748 -0.002400 0.054603 0.995538 -0.076959 12.777500 0.034005 0.075175 0.996590 0.315300 0.000000 0.000000 0.000000 1.000000
0.998437 -0.050143 -0.024696 -0.002400 0.048059 0.995734 -0.078767 12.777500 0.028540 0.077457 0.996587 0.315300 0.000000 0.000000 0.000000 1.000000
0.998997 -0.041083 -0.017804 -0.002400 0.039471 0.995767 -0.083001 12.777500 0.021138 0.082216 0.996390 0.315300 0.000000 0.000000 0.000000 1.000000
0.999561 -0.028283 -0.008862 -0.002400 0.027362 0.995482 -0.090917 12.777500 0.011393 0.090635 0.995819 0.315300 0.000000 0.000000 0.000000 1.000000
0.999942 -0.010583 0.001855 -0.002400 0.010717 0.994696 -0.102298 12.777500 -0.000763 0.102312 0.994752 0.315300 0.000000 0.000000 0.000000 1.000000
0.999845 0.012112 0.012812 -0.002400 -0.010557 0.993298 -0.115095 12.777500 -0.014121 0.114941 0.993272 0.315300 0.000000 0.000000 0.000000 1.000000
0.999051 0.038097 0.021120 -0.002400 -0.035124 0.991320 -0.126695 12.777500 -0.025763 0.125833 0.991717 0.315300 0.000000 0.000000 0.000000 1.000000
0.997664 0.064069 0.023704 -0.002400 -0.060280 0.988901 -0.135797 12.777500 -0.032141 0.134051 0.990453 0.315300 0.000000 0.000000 0.000000 1.000000
0.996609 0.079341 0.021793 -0.002400 -0.075438 0.986850 -0.142958 12.777500 -0.032849 0.140829 0.989489 0.315300 0.000000 0.000000 0.000000 1.000000
0.996305 0.084078 0.017531 -0.002400 -0.080525 0.985432 -0.149799 12.777500 -0.029871 0.147834 0.988561 0.315300 0.000000 0.000000 0.000000 1.000000
0.996518 0.082170 0.014150 -0.002400 -0.078955 0.984499 -0.156615 12.777500 -0.026800 0.154952 0.987558 0.315300 0.000000 0.000000 0.000000 1.000000
0.996564 0.081875 0.012551 -0.002400 -0.078781 0.983693 -0.161684 12.777500 -0.025584 0.160139 0.986763 0.315300 0.000000 0.000000 0.000000 1.000000
0.996101 0.087411 0.011896 -0.002400 -0.084309 0.982975 -0.163255 12.777500 -0.025964 0.161616 0.986512 0.315300 0.000000 0.000000 0.000000 1.000000
0.995368 0.095402 0.011836 -0.002400 -0.092243 0.982489 -0.161884 12.777500 -0.027072 0.160042 0.986739 0.315300 0.000000 0.000000 0.000000 1.000000
0.994866 0.100372 0.012917 -0.002400 -0.097030 0.982331 -0.160033 12.777500 -0.028751 0.157958 0.987027 0.315300 0.000000 0.000000 0.000000 1.000000
0.994765 0.101002 0.015508 -0.002400 -0.097259 0.982389 -0.159539 12.777500 -0.031348 0.157196 0.987070 0.315300 0.000000 0.000000 0.000000 1.000000
0.994799 0.100049 0.019093 -0.002400 -0.095732 0.982440 -0.160149 12.777500 -0.034780 0.157488 0.986908 0.315300 0.000000 0.000000 0.000000 1.000000
0.994715 0.100127 0.022739 -0.002400 -0.095219 0.982419 -0.160584 12.777500 -0.038418 0.157570 0.986760 0.315300 0.000000 0.000000 0.000000 1.000000
0.994509 0.101365 0.026009 -0.002400 -0.095942 0.982409 -0.160210 12.777500 -0.041791 0.156835 0.986740 0.315300 0.000000 0.000000 0.000000 1.000000
0.994295 0.102637 0.029052 -0.002400 -0.096764 0.982479 -0.159283 12.777500 -0.044891 0.155563 0.986805 0.315300 0.000000 0.000000 0.000000 1.000000
0.994131 0.103353 0.031969 -0.002400 -0.097075 0.982641 -0.158092 12.777500 -0.047753 0.154061 0.986907 0.315300 0.000000 0.000000 0.000000 1.000000
0.994002 0.103819 0.034390 -0.002400 -0.097243 0.982880 -0.156493 12.777500 -0.050048 0.152210 0.987080 0.315300 0.000000 0.000000 0.000000 1.000000
0.993869 0.104607 0.035798 -0.002400 -0.097923 0.983163 -0.154281 12.777500 -0.051334 0.149829 0.987378 0.315300 0.000000 0.000000 0.000000 1.000000
0.993703 0.106049 0.036162 -0.002400 -0.099433 0.983421 -0.151643 12.777500 -0.051644 0.147093 0.987774 0.315300 0.000000 0.000000 0.000000 1.000000
0.993454 0.108373 0.036106 -0.002400 -0.101877 0.983564 -0.149074 12.777500 -0.051668 0.144420 0.988167 0.315300 0.000000 0.000000 0.000000 1.000000
0.993066 0.111771 0.036444 -0.002400 -0.105303 0.983521 -0.146960 12.777500 -0.052269 0.142103 0.988471 0.315300 0.000000 0.000000 0.000000 1.000000
0.992587 0.115569 0.037621 -0.002400 -0.108988 0.983364 -0.145315 12.777500 -0.053789 0.140138 0.988670 0.315300 0.000000 0.000000 0.000000 1.000000
0.992189 0.118308 0.039558 -0.002400 -0.111509 0.983290 -0.143896 12.777500 -0.055921 0.138361 0.988802 0.315300 0.000000 0.000000 0.000000 1.000000
0.992142 0.117884 0.041932 -0.002400 -0.110845 0.983574 -0.142465 12.777500 -0.058037 0.136697 0.988911 0.315300 0.000000 0.000000 0.000000 1.000000
0.992638 0.112658 0.044482 -0.002400 -0.105400 0.984375 -0.141053 12.777500 -0.059678 0.135326 0.989002 0.315300 0.000000 0.000000 0.000000 1.000000
0.993556 0.103179 0.046912 -0.002400 -0.095732 0.985509 -0.140026 12.777500 -0.060680 0.134632 0.989036 0.315300 0.000000 0.000000 0.000000 1.000000
0.994506 0.092655 0.048719 -0.002400 -0.085060 0.986515 -0.139834 12.777500 -0.061018 0.134921 0.988976 0.315300 0.000000 0.000000 0.000000 1.000000
0.995197 0.084441 0.049527 -0.002400 -0.076756 0.987089 -0.140582 12.777500 -0.060759 0.136105 0.988829 0.315300 0.000000 0.000000 0.000000 1.000000
0.995555 0.080156 0.049439 -0.002400 -0.072438 0.987225 -0.141917 12.777500 -0.060183 0.137705 0.988643 0.315300 0.000000 0.000000 0.000000 1.000000
0.995672 0.078896 0.049110 -0.002400 -0.071149 0.987117 -0.143310 12.777500 -0.059784 0.139196 0.988459 0.315300 0.000000 0.000000 0.000000 1.000000
0.995682 0.078803 0.049073 -0.002400 -0.070994 0.986963 -0.144445 12.777500 -0.059816 0.140337 0.988295 0.315300 0.000000 0.000000 0.000000 1.000000
0.995696 0.078479 0.049305 -0.002400 -0.070591 0.986873 -0.145255 12.777500 -0.060057 0.141149 0.988165 0.315300 0.000000 0.000000 0.000000 1.000000
0.995737 0.077811 0.049535 -0.002400 -0.069868 0.986857 -0.145708 12.777500 -0.060222 0.141626 0.988087 0.315300 0.000000 0.000000 0.000000 1.000000
0.995708 0.078044 0.049742 -0.002400 -0.070074 0.986852 -0.145643 12.777500 -0.060455 0.141533 0.988086 0.315300 0.000000 0.000000 0.000000 1.000000
0.995621 0.078837 0.050226 -0.002400 -0.070849 0.986934 -0.144713 12.777500 -0.060979 0.140521 0.988198 0.315300 0.000000 0.000000 0.000000 1.000000
0.995489 0.080076 0.050895 -0.002400 -0.072108 0.987134 -0.142715 12.777500 -0.061669 0.138401 0.988454 0.315300 0.000000 0.000000 0.000000 1.000000
0.995340 0.081654 0.051289 -0.002400 -0.073804 0.987433 -0.139748 12.777500 -0.062056 0.135312 0.988858 0.315300 0.000000 0.000000 0.000000 1.000000
0.995227 0.083124 0.051118 -0.002400 -0.075509 0.987802 -0.136181 12.777500 -0.061815 0.131671 0.989364 0.315300 0.000000 0.000000 0.000000 1.000000
0.995155 0.084252 0.050673 -0.002400 -0.076911 0.988186 -0.132566 12.777500 -0.061243 0.128026 0.989878 0.315300 0.000000 0.000000 0.000000 1.000000
0.995129 0.084692 0.050451 -0.002400 -0.077568 0.988546 -0.129462 12.777500 -0.060838 0.124918 0.990300 0.315300 0.000000 0.000000 0.000000 1.000000
0.995186 0.083970 0.050527 -0.002400 -0.076983 0.988892 -0.127146 12.777500 -0.060642 0.122644 0.990596 0.315300 0.000000 0.000000 0.000000 1.000000
0.995346 0.082011 0.050601 -0.002400 -0.075136 0.989260 -0.125378 12.777500 -0.060340 0.120993 0.990818 0.315300 0.000000 0.000000 0.000000 1.000000
0.995568 0.079313 0.050541 -0.002400 -0.072568 0.989674 -0.123610 12.777500 -0.059823 0.119395 0.991043 0.315300 0.000000 0.000000 0.000000 1.000000
0.995780 0.076679 0.050415 -0.002400 -0.070084 0.990100 -0.121615 12.777500 -0.059241 0.117569 0.991296 0.315300 0.000000 0.000000 0.000000 1.000000
0.995926 0.074875 0.050247 -0.002400 -0.068418 0.990439 -0.119793 12.777500 -0.058736 0.115867 0.991527 0.315300 0.000000 0.000000 0.000000 1.000000
0.996004 0.074118 0.049827 -0.002400 -0.067777 0.990612 -0.118714 12.777500 -0.058158 0.114863 0.991677 0.315300 0.000000 0.000000 0.000000 1.000000
0.996054 0.074004 0.048986 -0.002400 -0.067774 0.990639 -0.118497 12.777500 -0.057296 0.114709 0.991745 0.315300 0.000000 0.000000 0.000000 1.000000
0.996120 0.073959 0.047691 -0.002400 -0.067862 0.990597 -0.118796 12.777500 -0.056029 0.115098 0.991773 0.315300 0.000000 0.000000 0.000000 1.000000
0.996199 0.074036 0.045903 -0.002400 -0.068118 0.990522 -0.119274 12.777500 -0.054298 0.115694 0.991800 0.315300 0.000000 0.000000 0.000000 1.000000
0.996298 0.074111 0.043557 -0.002400 -0.068436 0.990435 -0.119813 12.777500 -0.052019 0.116389 0.991841 0.315300 0.000000 0.000000 0.000000 1.000000
0.996483 0.073262 0.040663 -0.002400 -0.067901 0.990401 -0.120398 12.777500 -0.049094 0.117214 0.991893 0.315300 0.000000 0.000000 0.000000 1.000000
0.996819 0.070388 0.037391 -0.002400 -0.065402 0.990494 -0.121012 12.777500 -0.045553 0.118181 0.991947 0.315300 0.000000 0.000000 0.000000 1.000000
0.997312 0.064874 0.034047 -0.002400 -0.060294 0.990741 -0.121643 12.777500 -0.041623 0.119263 0.991990 0.315300 0.000000 0.000000 0.000000 1.000000
0.997920 0.056521 0.030995 -0.002400 -0.052335 0.991107 -0.122345 12.777500 -0.037634 0.120469 0.992004 0.315300 0.000000 0.000000 0.000000 1.000000
0.998577 0.045030 0.028575 -0.002400 -0.041186 0.991524 -0.123223 12.777500 -0.033881 0.121870 0.991968 0.315300 0.000000 0.000000 0.000000 1.000000
0.999189 0.029673 0.027210 -0.002400 -0.026071 0.991901 -0.124309 12.777500 -0.030678 0.123498 0.991870 0.315300 0.000000 0.000000 0.000000 1.000000
0.999571 0.012623 0.026438 -0.002400 -0.009207 0.992044 -0.125555 12.777500 -0.027812 0.125258 0.991734 0.315300 0.000000 0.000000 0.000000 1.000000
0.999659 -0.003815 0.025823 -0.002400 0.007062 0.991898 -0.126842 12.777500 -0.025130 0.126982 0.991587 0.315300 0.000000 0.000000 0.000000 1.000000
0.999535 -0.017396 0.025038 -0.002400 0.020465 0.991552 -0.128081 12.777500 -0.022598 0.128534 0.991448 0.315300 0.000000 0.000000 0.000000 1.000000
0.999397 -0.025688 0.023348 -0.002400 0.028495 0.991214 -0.129160 12.777500 -0.019825 0.129747 0.991349 0.315300 0.000000 0.000000 0.000000 1.000000
0.999334 -0.030046 0.020718 -0.002400 0.032488 0.990996 -0.129891 12.777500 -0.016629 0.130478 0.991312 0.315300 0.000000 0.000000 0.000000 1.000000
0.999203 -0.035343 0.018533 -0.002400 0.037463 0.990756 -0.130380 12.777500 -0.013754 0.130970 0.991291 0.315300 0.000000 0.000000 0.000000 1.000000
0.998761 -0.046258 0.018374 -0.002400 0.048276 0.990166 -0.131305 12.777500 -0.012119 0.132030 0.991172 0.315300 0.000000 0.000000 0.000000 1.000000
0.998012 -0.060032 0.019177 -0.002400 0.062060 0.989126 -0.133338 12.777500 -0.010963 0.134263 0.990885 0.315300 0.000000 0.000000 0.000000 1.000000
0.997113 -0.073527 0.018974 -0.002400 0.075429 0.987845 -0.135914 12.777500 -0.008750 0.136953 0.990539 0.315300 0.000000 0.000000 0.000000 1.000000
0.996597 -0.080901 0.015809 -0.002400 0.082309 0.987070 -0.137546 12.777500 -0.004477 0.138379 0.990369 0.315300 0.000000 0.000000 0.000000 1.000000
0.996574 -0.082031 0.010556 -0.002400 0.082703 0.987058 -0.137392 12.777500 0.000852 0.137794 0.990460 0.315300 0.000000 0.000000 0.000000 1.000000
0.996754 -0.080321 0.005496 -0.002400 0.080318 0.987388 -0.136430 12.777500 0.005531 0.136429 0.990634 0.315300 0.000000 0.000000 0.000000 1.000000
0.996886 -0.078834 0.002054 -0.002400 0.078376 0.987549 -0.136395 12.777500 0.008724 0.136131 0.990652 0.315300 0.000000 0.000000 0.000000 1.000000
0.996902 -0.078658 0.000238 -0.002400 0.077939 0.987375 -0.137901 12.777500 0.010612 0.137493 0.990446 0.315300 0.000000 0.000000 0.000000 1.000000
0.996831 -0.079544 -0.000353 -0.002400 0.078709 0.986985 -0.140232 12.777500 0.011503 0.139759 0.990119 0.315300 0.000000 0.000000 0.000000 1.000000
0.996765 -0.080366 -0.000008 -0.002400 0.079544 0.986585 -0.142559 12.777500 0.011464 0.142097 0.989786 0.315300 0.000000 0.000000 0.000000 1.000000
0.996747 -0.080587 0.001298 -0.002400 0.079927 0.986254 -0.144621 12.777500 0.010374 0.144254 0.989486 0.315300 0.000000 0.000000 0.000000 1.000000
0.996740 -0.080607 0.003533 -0.002400 0.080255 0.985982 -0.146281 12.777500 0.008308 0.146087 0.989237 0.315300 0.000000 0.000000 0.000000 1.000000
0.996714 -0.080764 0.006226 -0.002400 0.080799 0.985802 -0.147196 12.777500 0.005751 0.147215 0.989088 0.315300 0.000000 0.000000 0.000000 1.000000
0.996691 -0.080812 0.008780 -0.002400 0.081223 0.985755 -0.147276 12.777500 0.003247 0.147501 0.989057 0.315300 0.000000 0.000000 0.000000 1.000000
0.996715 -0.080255 0.010883 -0.002400 0.080983 0.985801 -0.147101 12.777500 0.001077 0.147499 0.989062 0.315300 0.000000 0.000000 0.000000 1.000000
0.996788 -0.079086 0.012592 -0.002400 0.080079 0.985827 -0.147418 12.777500 -0.000755 0.147953 0.988994 0.315300 0.000000 0.000000 0.000000 1.000000
0.996865 -0.077860 0.014085 -0.002400 0.079089 0.985792 -0.148184 12.777500 -0.002347 0.148834 0.988859 0.315300 0.000000 0.000000 0.000000 1.000000
0.996881 -0.077388 0.015448 -0.002400 0.078826 0.985776 -0.148433 12.777500 -0.003741 0.149188 0.988802 0.315300 0.000000 0.000000 0.000000 1.000000
0.996807 -0.078087 0.016656 -0.002400 0.079692 0.985882 -0.147264 12.777500 -0.004921 0.148121 0.988957 0.315300 0.000000 0.000000 0.000000 1.000000
0.996614 -0.080297 0.017703 -0.002400 0.082019 0.986044 -0.144877 12.777500 -0.005823 0.145838 0.989291 0.315300 0.000000 0.000000 0.000000 1.000000
0.996239 -0.084622 0.018651 -0.002400 0.086421 0.986033 -0.142375 12.777500 -0.006343 0.143451 0.989637 0.315300 0.000000 0.000000 0.000000 1.000000
0.995630 -0.091308 0.019582 -0.002400 0.093159 0.985685 -0.140521 12.777500 -0.006471 0.141731 0.989884 0.315300 0.000000 0.000000 0.000000 1.000000
0.994825 -0.099508 0.020515 -0.002400 0.101400 0.985100 -0.138910 12.777500 -0.006387 0.140271 0.990093 0.315300 0.000000 0.000000 0.000000 1.000000
0.994069 -0.106681 0.021096 -0.002400 0.108570 0.984660 -0.136591 12.777500 -0.006201 0.138071 0.990403 0.315300 0.000000 0.000000 0.000000 1.000000
0.993700 -0.110109 0.020879 -0.002400 0.111916 0.984744 -0.133242 12.777500 -0.005889 0.134740 0.990864 0.315300 0.000000 0.000000 0.000000 1.000000
0.993850 -0.108975 0.019655 -0.002400 0.110608 0.985407 -0.129376 12.777500 -0.005269 0.130755 0.991401 0.315300 0.000000 0.000000 0.000000 1.000000
0.994323 -0.104976 0.017403 -0.002400 0.106333 0.986378 -0.125503 12.777500 -0.003992 0.126641 0.991941 0.315300 0.000000 0.000000 0.000000 1.000000
0.994779 -0.101080 0.014070 -0.002400 0.102042 0.987319 -0.121609 12.777500 -0.001599 0.122410 0.992478 0.315300 0.000000 0.000000 0.000000 1.000000
0.995001 -0.099398 0.009640 -0.002400 0.099841 0.988023 -0.117657 12.777500 0.002170 0.118032 0.993007 0.315300 0.000000 0.000000 0.000000 1.000000
0.994986 -0.099912 0.004499 -0.002400 0.099771 0.988441 -0.114145 12.777500 0.006958 0.114022 0.993454 0.315300 0.000000 0.000000 0.000000 1.000000
0.994885 -0.101014 -0.000359 -0.002400 0.100342 0.988659 -0.111737 12.777500 0.011642 0.111130 0.993738 0.315300 0.000000 0.000000 0.000000 1.000000
0.994895 -0.100843 -0.003869 -0.002400 0.099801 0.988853 -0.110495 12.777500 0.014968 0.109545 0.993869 0.315300 0.000000 0.000000 0.000000 1.000000
0.995096 -0.098751 -0.005658 -0.002400 0.097537 0.989155 -0.109813 12.777500 0.016441 0.108723 0.993936 0.315300 0.000000 0.000000 0.000000 1.000000
0.995368 -0.095939 -0.006199 -0.002400 0.094695 0.989516 -0.109049 12.777500 0.016596 0.107957 0.994017 0.315300 0.000000 0.000000 0.000000 1.000000
0.995492 -0.094638 -0.006233 -0.002400 0.093417 0.989756 -0.107963 12.777500 0.016386 0.106894 0.994135 0.315300 0.000000 0.000000 0.000000 1.000000
0.995343 -0.096192 -0.006270 -0.002400 0.094981 0.989759 -0.106564 12.777500 0.016456 0.105472 0.994286 0.315300 0.000000 0.000000 0.000000 1.000000
0.995010 -0.099546 -0.006761 -0.002400 0.098295 0.989621 -0.104828 12.777500 0.017126 0.103640 0.994467 0.315300 0.000000 0.000000 0.000000 1.000000
0.994733 -0.102157 -0.008380 -0.002400 0.100764 0.989595 -0.102707 12.777500 0.018785 0.101321 0.994676 0.315300 0.000000 0.000000 0.000000 1.000000
0.994671 -0.102432 -0.011736 -0.002400 0.100753 0.989849 -0.100244 12.777500 0.021885 0.098527 0.994894 0.315300 0.000000 0.000000 0.000000 1.000000
0.994722 -0.101254 -0.016634 -0.002400 0.099172 0.990283 -0.097493 12.777500 0.026344 0.095329 0.995097 0.315300 0.000000 0.000000 0.000000 1.000000
0.994742 -0.100043 -0.021906 -0.002400 0.097562 0.990742 -0.094406 12.777500 0.031147 0.091773 0.995293 0.315300 0.000000 0.000000 0.000000 1.000000
