<?xml version="1.0" encoding="utf-8"?>
<COLLADA xmlns="http://www.collada.org/2005/11/COLLADASchema" version="1.4.1">
  <asset><contributor><author>Mixamo</author><authoring_tool>COLLADA Mixamo exporter</authoring_tool><comments></comments></contributor><created>2018-10-29T12:47:54Z</created><modified>2018-10-29T12:47:54Z</modified><revision></revision><title></title><unit meter="0.010000"/><up_axis>Y_UP</up_axis></asset>
  <library_animations>
    <animation id="Hips-anim" name="Hips"><source id="Hips-Matrix-animation-input"><float_array id="Hips-Matrix-animation-input-array" count="90">

0.000000 0.033333 0.066667 0.100000 0.133333 0.166667 0.200000 0.233333 0.266667 0.300000 0.333333 0.366667 0.400000 0.433333 0.466667 0.500000
0.533333 0.566667 0.600000 0.633333 0.666667 0.700000 0.733333 0.766667 0.800000 0.833333 0.866667 0.900000 0.933333 0.966667 1.000000 1.033333
1.066667 1.100000 1.133333 1.166667 1.200000 1.233333 1.266667 1.300000 1.333333 1.366667 1.400000 1.433333 1.466667 1.500000 1.533333 1.566667
1.600000 1.633333 1.666667 1.700000 1.733333 1.766667 1.800000 1.833333 1.866667 1.900000 1.933333 1.966667 2.000000 2.033333 2.066667 2.100000
2.133333 2.166667 2.200000 2.233333 2.266667 2.300000 2.333333 2.366667 2.400000 2.433333 2.466667 2.500000 2.533333 2.566667 2.600000 2.633333
2.666667 2.700000 2.733333 2.766667 2.800000 2.833333 2.866667 2.900000 2.933333 2.966667</float_array><technique_common><accessor source="#Hips-Matrix-animation-input-array" count="90"><param name="TIME" type="float"/></accessor></technique_common></source><source id="Hips-Matrix-animation-output-transform"><float_array id="Hips-Matrix-animation-output-transform-array" count="1440">

0.945861 -0.005951 -0.324519 0.480398 -0.059905 0.979454 -0.192564 91.764954 0.318997 0.201579 0.926071 -1.238709 0.000000 0.000000 0.000000 1.000000
0.958000 0.009673 -0.286604 0.258198 -0.041243 0.993688 -0.104321 92.179489 0.283786 0.111760 0.952352 0.166005 0.000000 0.000000 0.000000 1.000000
0.975099 0.022276 -0.220650 0.031329 -0.011074 0.998592 0.051876 92.898819 0.221495 -0.048140 0.973973 2.454881 0.000000 0.000000 0.000000 1.000000
0.990826 0.020053 -0.133649 -0.102812 0.007842 0.978733 0.204990 93.447754 0.134918 -0.204158 0.969596 4.950207 0.000000 0.000000 0.000000 1.000000
0.998588 0.014513 -0.051098 -0.232591 0.001904 0.951560 0.307459 93.661278 0.053085 -0.307122 0.950189 7.178993 0.000000 0.000000 0.000000 1.000000
0.999896 0.006695 0.012760 -0.368999 -0.010925 0.929604 0.368398 93.748894 -0.009395 -0.368499 0.929581 9.120252 0.000000 0.000000 0.000000 1.000000
0.997777 -0.009967 0.065887 -0.439985 -0.017767 0.913166 0.407200 93.870750 -0.064225 -0.407465 0.910960 10.707687 0.000000 0.000000 0.000000 1.000000
0.992104 -0.027268 0.122419 -0.538037 -0.028844 0.900310 0.434292 93.879852 -0.122057 -0.434394 0.892414 11.741517 0.000000 0.000000 0.000000 1.000000
0.981637 -0.038018 0.186932 -0.779407 -0.051848 0.889873 0.453252 93.519279 -0.183578 -0.454621 0.871561 12.112090 0.000000 0.000000 0.000000 1.000000
0.964706 -0.047559 0.259001 -1.124591 -0.083007 0.878491 0.470493 92.695641 -0.249906 -0.475386 0.843537 11.897995 0.000000 0.000000 0.000000 1.000000
0.942779 -0.062460 0.327517 -1.539341 -0.112596 0.864948 0.489068 91.477982 -0.313832 -0.497960 0.808422 11.191709 0.000000 0.000000 0.000000 1.000000
0.925696 -0.082752 0.369107 -1.937513 -0.124348 0.854979 0.503536 90.026886 -0.357247 -0.512019 0.781160 10.086646 0.000000 0.000000 0.000000 1.000000
0.921098 -0.108192 0.373996 -2.077825 -0.107923 0.852013 0.512275 88.115593 -0.374073 -0.512219 0.773111 8.488377 0.000000 0.000000 0.000000 1.000000
0.928159 -0.134935 0.346861 -1.789588 -0.071801 0.849539 0.522617 86.139473 -0.365191 -0.509977 0.778819 6.287829 0.000000 0.000000 0.000000 1.000000
0.937553 -0.155134 0.311331 -1.239875 -0.036090 0.846823 0.530648 84.515350 -0.345964 -0.508747 0.788343 3.634202 0.000000 0.000000 0.000000 1.000000
0.942330 -0.166650 0.290244 -0.639985 -0.011783 0.850159 0.526394 83.332275 -0.334477 -0.499457 0.799167 0.641762 0.000000 0.000000 0.000000 1.000000
0.944920 -0.173462 0.277555 -0.080578 0.006883 0.858355 0.513010 82.498505 -0.327229 -0.482843 0.812271 -2.737138 0.000000 0.000000 0.000000 1.000000
0.949292 -0.177657 0.259388 0.441375 0.025404 0.865685 0.499944 81.870514 -0.313366 -0.468004 0.826301 -6.546623 0.000000 0.000000 0.000000 1.000000
0.957180 -0.175673 0.230097 0.861140 0.043447 0.873001 0.485779 81.250153 -0.286213 -0.454981 0.843252 -10.720099 0.000000 0.000000 0.000000 1.000000
0.964174 -0.175696 0.198743 1.060330 0.063608 0.880481 0.469796 80.521782 -0.257530 -0.440323 0.860113 -14.910178 0.000000 0.000000 0.000000 1.000000
0.967438 -0.184097 0.173700 1.077672 0.086179 0.884850 0.457836 79.635551 -0.237985 -0.427959 0.871903 -18.744965 0.000000 0.000000 0.000000 1.000000
0.969843 -0.186672 0.156713 1.022820 0.098775 0.888830 0.447464 78.752846 -0.222820 -0.418490 0.880464 -22.273003 0.000000 0.000000 0.000000 1.000000
0.975344 -0.164445 0.147179 1.047809 0.086659 0.898723 0.429868 77.930763 -0.202962 -0.406515 0.890815 -25.616011 0.000000 0.000000 0.000000 1.000000
0.983547 -0.111962 0.141772 1.122992 0.045679 0.913415 0.404457 77.026520 -0.174781 -0.391327 0.903501 -29.059122 0.000000 0.000000 0.000000 1.000000
0.987450 -0.050480 0.149646 0.950317 -0.009342 0.927213 0.374418 76.383606 -0.157654 -0.371117 0.915105 -33.013607 0.000000 0.000000 0.000000 1.000000
0.981466 -0.004209 0.191591 0.640342 -0.059055 0.944464 0.323266 76.426003 -0.182311 -0.328589 0.926710 -37.561859 0.000000 0.000000 0.000000 1.000000
0.968821 0.035436 0.245215 0.379298 -0.100779 0.960506 0.259367 75.849266 -0.226339 -0.275993 0.934130 -43.298294 0.000000 0.000000 0.000000 1.000000
0.969395 0.066878 0.236221 -0.401126 -0.124540 0.963148 0.238403 76.174873 -0.211572 -0.260526 0.942000 -48.904518 0.000000 0.000000 0.000000 1.000000
0.983569 0.093568 0.154390 -0.772477 -0.130067 0.960351 0.246593 77.467552 -0.125196 -0.262623 0.956742 -53.838070 0.000000 0.000000 0.000000 1.000000
0.991961 0.116670 0.049015 -0.685743 -0.125093 0.962581 0.240395 78.717690 -0.019134 -0.244594 0.969437 -57.800190 0.000000 0.000000 0.000000 1.000000
0.990520 0.132521 -0.036174 -0.575451 -0.120157 0.963454 0.239412 79.113319 0.066579 -0.232796 0.970244 -60.840057 0.000000 0.000000 0.000000 1.000000
0.986557 0.135911 -0.090739 -0.846898 -0.107959 0.958885 0.262457 78.965332 0.122679 -0.249133 0.960668 -63.001637 0.000000 0.000000 0.000000 1.000000
0.982848 0.134420 -0.126262 -1.357767 -0.091825 0.950435 0.297056 78.728203 0.159934 -0.280367 0.946475 -64.657768 0.000000 0.000000 0.000000 1.000000
0.978633 0.137742 -0.152658 -1.919168 -0.080333 0.939576 0.332782 78.161942 0.189272 -0.313408 0.930565 -65.891380 0.000000 0.000000 0.000000 1.000000
0.974732 0.142779 -0.171791 -2.344334 -0.071918 0.928698 0.363798 77.642632 0.211485 -0.342250 0.915499 -66.756981 0.000000 0.000000 0.000000 1.000000
0.972614 0.127705 -0.194197 -2.766908 -0.045643 0.924203 0.379165 77.210861 0.227899 -0.359918 0.904722 -67.014503 0.000000 0.000000 0.000000 1.000000
0.966426 0.094358 -0.238993 -3.832069 0.007083 0.919993 0.391870 75.829285 0.256848 -0.380406 0.888437 -67.258263 0.000000 0.000000 0.000000 1.000000
0.953843 0.113455 -0.278050 -3.569500 0.024566 0.893308 0.448774 75.651947 0.299300 -0.434890 0.849288 -67.996948 0.000000 0.000000 0.000000 1.000000
0.949844 0.167695 -0.263961 -3.264029 0.001475 0.841655 0.540013 75.584648 0.312722 -0.513317 0.799194 -68.331291 0.000000 0.000000 0.000000 1.000000
0.959898 0.179324 -0.215497 -3.201987 -0.015010 0.800443 0.599221 75.691376 0.279948 -0.571956 0.771035 -68.377983 0.000000 0.000000 0.000000 1.000000
0.970808 0.147958 -0.188787 -3.419960 -0.002018 0.792088 0.610404 75.128189 0.239851 -0.592204 0.769263 -68.439651 0.000000 0.000000 0.000000 1.000000
0.972383 0.133237 -0.191620 -3.394627 0.018469 0.774530 0.632268 74.301201 0.232657 -0.618346 0.750679 -68.803513 0.000000 0.000000 0.000000 1.000000
0.966896 0.149379 -0.206878 -3.213184 0.034435 0.726940 0.685837 73.191689 0.252837 -0.670257 0.697732 -69.507660 0.000000 0.000000 0.000000 1.000000
0.962456 0.157943 -0.220753 -3.190011 0.056877 0.677870 0.732979 71.693954 0.265410 -0.718016 0.643437 -70.476898 0.000000 0.000000 0.000000 1.000000
0.962229 0.148606 -0.228104 -3.442056 0.082741 0.638606 0.765073 69.665390 0.259363 -0.755049 0.602189 -71.675446 0.000000 0.000000 0.000000 1.000000
0.961105 0.143234 -0.236140 -3.823487 0.108303 0.591063 0.799322 67.011169 0.254064 -0.793807 0.552560 -73.157211 0.000000 0.000000 0.000000 1.000000
0.954509 0.152786 -0.256065 -4.240417 0.137783 0.535582 0.833167 63.602531 0.264440 -0.830547 0.490167 -74.948639 0.000000 0.000000 0.000000 1.000000
0.941340 0.171308 -0.290746 -4.759723 0.177036 0.482799 0.857650 59.375633 0.287294 -0.858812 0.424150 -76.962723 0.000000 0.000000 0.000000 1.000000
0.921811 0.193238 -0.336041 -5.479719 0.226159 0.435962 0.871085 54.405304 0.314827 -0.878975 0.358172 -79.112167 0.000000 0.000000 0.000000 1.000000
0.898998 0.217694 -0.380015 -6.430888 0.276035 0.392004 0.877575 48.761623 0.340010 -0.893836 0.292319 -81.380486 0.000000 0.000000 0.000000 1.000000
0.875421 0.249153 -0.414199 -7.518097 0.320063 0.343343 0.882992 42.473682 0.362213 -0.905560 0.220825 -83.722458 0.000000 0.000000 0.000000 1.000000
0.855301 0.290288 -0.429177 -8.512120 0.351327 0.283891 0.892174 35.462315 0.380827 -0.913859 0.140827 -85.973701 0.000000 0.000000 0.000000 1.000000
0.838639 0.334117 -0.430176 -9.364141 0.376594 0.214914 0.901104 27.469831 0.393525 -0.917702 0.054409 -88.159103 0.000000 0.000000 0.000000 1.000000
0.818903 0.370442 -0.438372 -10.275345 0.422653 0.127494 0.897279 18.680529 0.388280 -0.920064 -0.052163 -90.341690 0.000000 0.000000 0.000000 1.000000
0.810603 0.397740 -0.429797 -11.339439 0.466388 0.005348 0.884564 12.340562 0.354125 -0.917483 -0.181166 -91.788223 0.000000 0.000000 0.000000 1.000000
0.825301 0.417051 -0.380719 -12.329406 0.454465 -0.090371 0.886169 12.034842 0.335172 -0.904379 -0.264118 -92.770897 0.000000 0.000000 0.000000 1.000000
0.822885 0.436055 -0.364303 -13.928926 0.447981 -0.103480 0.888035 14.891945 0.349534 -0.893951 -0.280496 -94.122353 0.000000 0.000000 0.000000 1.000000
0.776207 0.455196 -0.436233 -15.439390 0.530109 -0.096639 0.842405 16.913122 0.341302 -0.885131 -0.316316 -95.904404 0.000000 0.000000 0.000000 1.000000
0.708684 0.482281 -0.514949 -15.396869 0.630523 -0.105456 0.768973 18.188971 0.316556 -0.869646 -0.378824 -98.237495 0.000000 0.000000 0.000000 1.000000
0.666409 0.505234 -0.548304 -14.871786 0.675602 -0.098128 0.730707 19.405140 0.315374 -0.857385 -0.406730 -100.417786 0.000000 0.000000 0.000000 1.000000
0.653206 0.518091 -0.552181 -14.819533 0.677749 -0.074905 0.731468 19.858406 0.337606 -0.852040 -0.400063 -101.578758 0.000000 0.000000 0.000000 1.000000
0.660370 0.536895 -0.525030 -15.165558 0.655385 -0.070756 0.751973 19.711948 0.366581 -0.840677 -0.398598 -101.953178 0.000000 0.000000 0.000000 1.000000
0.678116 0.554857 -0.481968 -15.277520 0.624604 -0.089471 0.775799 19.192307 0.387335 -0.827121 -0.407237 -102.168587 0.000000 0.000000 0.000000 1.000000
0.695103 0.567318 -0.441568 -15.169625 0.597117 -0.113550 0.794076 18.238789 0.400354 -0.815632 -0.417685 -102.108932 0.000000 0.000000 0.000000 1.000000
0.712703 0.578004 -0.397449 -14.945745 0.561454 -0.130390 0.817171 17.056475 0.420505 -0.805549 -0.417452 -101.775909 0.000000 0.000000 0.000000 1.000000
0.727947 0.588871 -0.351176 -14.599735 0.514353 -0.130350 0.847615 16.118692 0.453360 -0.797647 -0.397775 -101.311554 0.000000 0.000000 0.000000 1.000000
0.730729 0.602367 -0.321230 -14.207440 0.476457 -0.113019 0.871903 15.757281 0.488901 -0.790177 -0.369588 -100.830238 0.000000 0.000000 0.000000 1.000000
0.723786 0.615774 -0.311378 -13.786924 0.457097 -0.089823 0.884870 15.809845 0.516911 -0.782786 -0.346481 -100.418640 0.000000 0.000000 0.000000 1.000000
0.713593 0.626054 -0.314391 -13.521646 0.452820 -0.069766 0.888868 15.959455 0.534546 -0.776653 -0.333274 -99.991608 0.000000 0.000000 0.000000 1.000000
0.700051 0.634716 -0.327206 -13.500486 0.460295 -0.050768 0.886313 16.205091 0.545946 -0.771076 -0.327697 -99.700905 0.000000 0.000000 0.000000 1.000000
0.682827 0.642708 -0.347381 -13.718801 0.474284 -0.028298 0.879917 16.481499 0.555700 -0.765589 -0.324148 -99.616867 0.000000 0.000000 0.000000 1.000000
0.664853 0.648935 -0.369937 -14.000559 0.488835 -0.003517 0.872369 16.643990 0.564810 -0.760836 -0.319561 -99.535332 0.000000 0.000000 0.000000 1.000000
0.649125 0.653868 -0.388707 -14.261171 0.501174 0.016791 0.865184 16.690994 0.572243 -0.756422 -0.316802 -99.474586 0.000000 0.000000 0.000000 1.000000
0.636422 0.658931 -0.400969 -14.597242 0.512341 0.027475 0.858343 16.666630 0.576605 -0.751701 -0.320112 -99.484200 0.000000 0.000000 0.000000 1.000000
0.626913 0.663458 -0.408416 -14.968992 0.523114 0.030016 0.851734 16.598829 0.577348 -0.747611 -0.328247 -99.544319 0.000000 0.000000 0.000000 1.000000
0.621268 0.665888 -0.413061 -15.261539 0.532361 0.028129 0.846050 16.526520 0.574994 -0.745521 -0.337017 -99.648132 0.000000 0.000000 0.000000 1.000000
0.620021 0.666298 -0.414272 -15.407463 0.538592 0.022496 0.842267 16.482483 0.570520 -0.745346 -0.344914 -99.778862 0.000000 0.000000 0.000000 1.000000
0.623234 0.665189 -0.411221 -15.405297 0.540727 0.013343 0.841093 16.472256 0.564972 -0.746556 -0.351370 -99.891090 0.000000 0.000000 0.000000 1.000000
0.629396 0.663217 -0.404975 -15.253081 0.538774 0.003116 0.842445 16.471380 0.559985 -0.748421 -0.355363 -99.960846 0.000000 0.000000 0.000000 1.000000
0.636642 0.661085 -0.397055 -14.946671 0.533622 -0.005953 0.845702 16.438953 0.556718 -0.750287 -0.356559 -99.985779 0.000000 0.000000 0.000000 1.000000
0.644840 0.658520 -0.387986 -14.556649 0.525642 -0.013569 0.850597 16.355242 0.554871 -0.752441 -0.354896 -99.961487 0.000000 0.000000 0.000000 1.000000
0.654167 0.655481 -0.377373 -14.226805 0.515046 -0.020671 0.856913 16.243456 0.553889 -0.754929 -0.351125 -99.886215 0.000000 0.000000 0.000000 1.000000
0.662952 0.652995 -0.366185 -13.996386 0.503722 -0.027207 0.863437 16.150307 0.553858 -0.756873 -0.346965 -99.789970 0.000000 0.000000 0.000000 1.000000
0.669322 0.651760 -0.356674 -13.804482 0.494177 -0.032062 0.868770 16.108320 0.554794 -0.757747 -0.343545 -99.708466 0.000000 0.000000 0.000000 1.000000
0.672600 0.651448 -0.351034 -13.666006 0.488250 -0.034207 0.872033 16.097534 0.556076 -0.757922 -0.341077 -99.653961 0.000000 0.000000 0.000000 1.000000
0.672593 0.651819 -0.350359 -13.616885 0.486962 -0.033352 0.872786 16.101213 0.557213 -0.757641 -0.339843 -99.633163 0.000000 0.000000 0.000000 1.000000
0.669470 0.653039 -0.354048 -13.652091 0.489982 -0.029977 0.871217 16.112152 0.558325 -0.756731 -0.340046 -99.650360 0.000000 0.000000 0.000000 1.000000
0.664175 0.655027 -0.360293 -13.750031 0.495722 -0.025144 0.868117 16.124468 0.559581 -0.755187 -0.341412 -99.698700 0.000000 0.000000 0.000000 1.000000
0.657897 0.657341 -0.367524 -13.888244 0.502499 -0.019658 0.864354 16.135284 0.560950 -0.753337 -0.343246 -99.760399 0.000000 0.000000 0.000000 1.000000
0.651576 0.659517 -0.374815 -14.041589 0.509184 -0.013991 0.860544 16.145493 0.562299 -0.751559 -0.344932 -99.821968 0.000000 0.000000 0.000000 1.000000</float_array><technique_common><accessor source="#Hips-Matrix-animation-output-transform-array" count="90" stride="16"><param type="float4x4"/></accessor></technique_common></source><source id="Hips-Interpolations"><Name_array id="Hips-Interpolations-array" count="90">
 LINEAR LINEAR LINEAR LINEAR LINEAR LINEAR LINEAR LINEAR LINEAR LINEAR LINEAR
LINEAR LINEAR LINEAR LINEAR LINEAR LINEAR LINEAR LINEAR LINEAR LINEAR LINEAR LINEAR
LINEAR LINEAR LINEAR LINEAR LINEAR LINEAR LINEAR LINEAR LINEAR LINEAR LINEAR LINEAR
LINEAR LINEAR LINEAR LINEAR LINEAR LINEAR LINEAR LINEAR LINEAR LINEAR LINEAR LINEAR
LINEAR LINEAR LINEAR LINEAR LINEAR LINEAR LINEAR LINEAR LINEAR LINEAR LINEAR LINEAR
LINEAR LINEAR LINEAR LINEAR LINEAR LINEAR LINEAR LINEAR LINEAR LINEAR LINEAR LINEAR
LINEAR LINEAR LINEAR LINEAR LINEAR LINEAR LINEAR LINEAR LINEAR LINEAR LINEAR LINEAR
LINEAR LINEAR LINEAR LINEAR LINEAR LINEAR LINEAR</Name_array><technique_common><accessor source="#Hips-Interpolations-array" count="90"><param type="name"/></accessor></technique_common></source><sampler id="Hips-Matrix-animation-transform"><input semantic="INPUT" source="#Hips-Matrix-animation-input"/><input semantic="OUTPUT" source="#Hips-Matrix-animation-output-transform"/><input semantic="INTERPOLATION" source="#Hips-Interpolations"/></sampler><channel source="#Hips-Matrix-animation-transform" target="Hips/matrix"/></animation>
    <animation id="Spine-anim" name="Spine"><source id="Spine-Matrix-animation-input"><float_array id="Spine-Matrix-animation-input-array" count="90">

0.000000 0.033333 0.066667 0.100000 0.133333 0.166667 0.200000 0.233333 0.266667 0.300000 0.333333 0.366667 0.400000 0.433333 0.466667 0.500000
0.533333 0.566667 0.600000 0.633333 0.666667 0.700000 0.733333 0.766667 0.800000 0.833333 0.866667 0.900000 0.933333 0.966667 1.000000 1.033333
1.066667 1.100000 1.133333 1.166667 1.200000 1.233333 1.266667 1.300000 1.333333 1.366667 1.400000 1.433333 1.466667 1.500000 1.533333 1.566667
1.600000 1.633333 1.666667 1.700000 1.733333 1.766667 1.800000 1.833333 1.866667 1.900000 1.933333 1.966667 2.000000 2.033333 2.066667 2.100000
2.133333 2.166667 2.200000 2.233333 2.266667 2.300000 2.333333 2.366667 2.400000 2.433333 2.466667 2.500000 2.533333 2.566667 2.600000 2.633333
2.666667 2.700000 2.733333 2.766667 2.800000 2.833333 2.866667 2.900000 2.933333 2.966667</float_array><technique_common><accessor source="#Spine-Matrix-animation-input-array" count="90"><param name="TIME" type="float"/></accessor></technique_common></source><source id="Spine-Matrix-animation-output-transform"><float_array id="Spine-Matrix-animation-output-transform-array" count="1440">

0.999441 -0.031914 -0.009986 -0.002400 0.031470 0.998630 -0.041798 12.777500 0.011306 0.041461 0.999076 0.315300 0.000000 0.000000 0.000000 1.000000
0.999587 -0.027370 -0.008767 -0.002400 0.027287 0.999583 -0.009493 12.777500 0.009023 0.009249 0.999917 0.315300 0.000000 0.000000 0.000000 1.000000
0.999664 -0.021889 -0.013904 -0.002400 0.022052 0.999689 0.011683 12.777500 0.013644 -0.011986 0.999835 0.315300 0.000000 0.000000 0.000000 1.000000
0.999609 -0.016514 -0.022573 -0.002400 0.017192 0.999397 0.030174 12.777500 0.022061 -0.030550 0.999290 0.315300 0.000000 0.000000 0.000000 1.000000
0.999722 -0.014366 -0.018669 -0.002400 0.015436 0.998170 0.058467 12.777500 0.017795 -0.058739 0.998115 0.315300 0.000000 0.000000 0.000000 1.000000
0.999862 -0.012513 0.010896 -0.002400 0.011455 0.995667 0.092287 12.777500 -0.012003 -0.092149 0.995673 0.315300 0.000000 0.000000 0.000000 1.000000
0.997936 -0.000879 0.064211 -0.002400 -0.006712 0.993003 0.117901 12.777500 -0.063866 -0.118089 0.990947 0.315300 0.000000 0.000000 0.000000 1.000000
0.991712 0.024572 0.126112 -0.002400 -0.041231 0.990493 0.131236 12.777500 -0.121688 -0.135348 0.983297 0.315300 0.000000 0.000000 0.000000 1.000000
0.982727 0.057383 0.175941 -0.002400 -0.082290 0.987048 0.137710 12.777500 -0.165760 -0.149809 0.974721 0.315300 0.000000 0.000000 0.000000 1.000000
0.975820 0.088402 0.199901 -0.002400 -0.117830 0.983050 0.140459 12.777500 -0.184096 -0.160617 0.969696 0.315300 0.000000 0.000000 0.000000 1.000000
0.973151 0.112175 0.200981 -0.002400 -0.141764 0.980032 0.139426 12.777500 -0.181328 -0.164174 0.969622 0.315300 0.000000 0.000000 0.000000 1.000000
0.974433 0.122460 0.188370 -0.002400 -0.149316 0.979437 0.135677 12.777500 -0.167882 -0.160335 0.972681 0.315300 0.000000 0.000000 0.000000 1.000000
0.979838 0.111606 0.165715 -0.002400 -0.133066 0.983245 0.124591 12.777500 -0.149033 -0.144130 0.978272 0.315300 0.000000 0.000000 0.000000 1.000000
0.987286 0.078656 0.138127 -0.002400 -0.092687 0.990834 0.098270 12.777500 -0.129131 -0.109823 0.985527 0.315300 0.000000 0.000000 0.000000 1.000000
0.992154 0.036371 0.119618 -0.002400 -0.043816 0.997224 0.060210 12.777500 -0.117096 -0.064979 0.990993 0.315300 0.000000 0.000000 0.000000 1.000000
0.992973 0.000179 0.118338 -0.002400 -0.002779 0.999758 0.021804 12.777500 -0.118306 -0.021980 0.992734 0.315300 0.000000 0.000000 0.000000 1.000000
0.991838 -0.029700 0.123999 -0.002400 0.032062 0.999340 -0.017091 12.777500 -0.123410 0.020927 0.992135 0.315300 0.000000 0.000000 0.000000 1.000000
0.990237 -0.060653 0.125508 -0.002400 0.069107 0.995545 -0.064137 12.777500 -0.121059 0.072185 0.990017 0.315300 0.000000 0.000000 0.000000 1.000000
0.988375 -0.083153 0.127282 -0.002400 0.098079 0.988409 -0.115881 12.777500 -0.116171 0.127017 0.985074 0.315300 0.000000 0.000000 0.000000 1.000000
0.988076 -0.074323 0.134841 -0.002400 0.095704 0.982509 -0.159742 12.777500 -0.120610 0.170742 0.977906 0.315300 0.000000 0.000000 0.000000 1.000000
0.989429 -0.031213 0.141617 -0.002400 0.057520 0.980927 -0.185673 12.777500 -0.133121 0.191856 0.972353 0.315300 0.000000 0.000000 0.000000 1.000000
0.990470 0.017894 0.136560 -0.002400 0.007751 0.982710 -0.184987 12.777500 -0.137509 0.184283 0.973207 0.315300 0.000000 0.000000 0.000000 1.000000
0.992870 0.041455 0.111763 -0.002400 -0.023565 0.987337 -0.156878 12.777500 -0.116851 0.153126 0.981274 0.315300 0.000000 0.000000 0.000000 1.000000
0.997528 0.036284 0.060173 -0.002400 -0.028734 0.992126 -0.121905 12.777500 -0.064122 0.119875 0.990716 0.315300 0.000000 0.000000 0.000000 1.000000
0.999403 0.028088 -0.020117 -0.002400 -0.030014 0.994239 -0.102901 12.777500 0.017111 0.103444 0.994488 0.315300 0.000000 0.000000 0.000000 1.000000
0.992739 0.035291 -0.114997 -0.002400 -0.047867 0.992943 -0.108503 12.777500 0.110356 0.113220 0.987422 0.315300 0.000000 0.000000 0.000000 1.000000
0.981066 0.052490 -0.186426 -0.002400 -0.081540 0.985049 -0.151753 12.777500 0.175674 0.164081 0.970678 0.315300 0.000000 0.000000 0.000000 1.000000
0.977403 0.084168 -0.193905 -0.002400 -0.128209 0.965367 -0.227219 12.777500 0.168065 0.246945 0.954344 0.315300 0.000000 0.000000 0.000000 1.000000
0.979345 0.124276 -0.159495 -0.002400 -0.166901 0.942139 -0.290719 12.777500 0.114137 0.311334 0.943421 0.315300 0.000000 0.000000 0.000000 1.000000
0.980150 0.149466 -0.130253 -0.002400 -0.183761 0.931509 -0.313884 12.777500 0.074417 0.331589 0.940484 0.315300 0.000000 0.000000 0.000000 1.000000
0.982063 0.149465 -0.114943 -0.002400 -0.179149 0.929768 -0.321617 12.777500 0.058799 0.336440 0.939867 0.315300 0.000000 0.000000 0.000000 1.000000
0.985296 0.141409 -0.095888 -0.002400 -0.165642 0.928178 -0.333241 12.777500 0.041878 0.344224 0.937953 0.315300 0.000000 0.000000 0.000000 1.000000
0.989399 0.124876 -0.074127 -0.002400 -0.142638 0.931500 -0.334607 12.777500 0.027265 0.341634 0.939438 0.315300 0.000000 0.000000 0.000000 1.000000
0.993732 0.087321 -0.069792 -0.002400 -0.104856 0.944532 -0.311232 12.777500 0.038744 0.316599 0.947768 0.315300 0.000000 0.000000 0.000000 1.000000
0.995299 0.042210 -0.087169 -0.002400 -0.063186 0.965104 -0.254129 12.777500 0.073400 0.258442 0.963234 0.315300 0.000000 0.000000 0.000000 1.000000
0.994024 0.025128 -0.106227 -0.002400 -0.042370 0.985662 -0.163328 12.777500 0.100600 0.166853 0.980836 0.315300 0.000000 0.000000 0.000000 1.000000
0.993710 0.029675 -0.107984 -0.002400 -0.039029 0.995568 -0.085569 12.777500 0.104966 0.089245 0.990463 0.315300 0.000000 0.000000 0.000000 1.000000
0.992459 -0.006933 -0.122382 -0.002400 -0.002159 0.997256 -0.074004 12.777500 0.122559 0.073710 0.989720 0.315300 0.000000 0.000000 0.000000 1.000000
0.982297 -0.067871 -0.174603 -0.002400 0.052400 0.994403 -0.091744 12.777500 0.179853 0.080971 0.980355 0.315300 0.000000 0.000000 0.000000 1.000000
0.965483 -0.090409 -0.244272 -0.002400 0.078882 0.995277 -0.056587 12.777500 0.248234 0.035365 0.968054 0.315300 0.000000 0.000000 0.000000 1.000000
0.953436 -0.066149 -0.294250 -0.002400 0.079612 0.996246 0.033999 12.777500 0.290897 -0.055842 0.955123 0.315300 0.000000 0.000000 0.000000 1.000000
0.945790 -0.054915 -0.320102 -0.002400 0.090926 0.990959 0.098651 12.777500 0.311790 -0.122408 0.942233 0.315300 0.000000 0.000000 0.000000 1.000000
0.938120 -0.072979 -0.338534 -0.002400 0.117116 0.986804 0.111814 12.777500 0.325907 -0.144543 0.934287 0.315300 0.000000 0.000000 0.000000 1.000000
0.932872 -0.083176 -0.350472 -0.002400 0.134637 0.982968 0.125088 12.777500 0.334098 -0.163878 0.928182 0.315300 0.000000 0.000000 0.000000 1.000000
0.932698 -0.069235 -0.353951 -0.002400 0.133746 0.977823 0.161167 12.777500 0.334943 -0.197660 0.921273 0.315300 0.000000 0.000000 0.000000 1.000000
0.935596 -0.051493 -0.349298 -0.002400 0.124937 0.973583 0.191120 12.777500 0.330230 -0.222452 0.917313 0.315300 0.000000 0.000000 0.000000 1.000000
0.939989 -0.046008 -0.338090 -0.002400 0.119295 0.972647 0.199316 12.777500 0.319672 -0.227687 0.919766 0.315300 0.000000 0.000000 0.000000 1.000000
0.945986 -0.048580 -0.320546 -0.002400 0.117373 0.972959 0.198933 12.777500 0.302214 -0.225812 0.926108 0.315300 0.000000 0.000000 0.000000 1.000000
0.952716 -0.050924 -0.299564 -0.002400 0.115090 0.972880 0.200643 12.777500 0.281222 -0.225633 0.932740 0.315300 0.000000 0.000000 0.000000 1.000000
0.958717 -0.051787 -0.279607 -0.002400 0.111093 0.973345 0.200641 12.777500 0.261764 -0.223421 0.938916 0.315300 0.000000 0.000000 0.000000 1.000000
0.964439 -0.055217 -0.258474 -0.002400 0.106274 0.976412 0.187950 12.777500 0.241999 -0.208735 0.947558 0.315300 0.000000 0.000000 0.000000 1.000000
0.971354 -0.061522 -0.229534 -0.002400 0.098580 0.983196 0.153650 12.777500 0.216224 -0.171876 0.961096 0.315300 0.000000 0.000000 0.000000 1.000000
0.979321 -0.061510 -0.192733 -0.002400 0.081059 0.992149 0.095238 12.777500 0.185362 -0.108891 0.976619 0.315300 0.000000 0.000000 0.000000 1.000000
0.987712 -0.050582 -0.147871 -0.002400 0.052865 0.998535 0.011547 12.777500 0.147071 -0.019222 0.988939 0.315300 0.000000 0.000000 0.000000 1.000000
0.996390 -0.036637 -0.076575 -0.002400 0.030217 0.996060 -0.083380 12.777500 0.079328 0.080765 0.993571 0.315300 0.000000 0.000000 0.000000 1.000000
0.999606 -0.012598 0.025070 -0.002400 0.015901 0.990547 -0.136249 12.777500 -0.023116 0.136594 0.990357 0.315300 0.000000 0.000000 0.000000 1.000000
0.994144 0.026983 0.104636 -0.002400 -0.015791 0.994203 -0.106352 12.777500 -0.106899 0.104077 0.988808 0.315300 0.000000 0.000000 0.000000 1.000000
0.988051 0.056921 0.143230 -0.002400 -0.052993 0.998111 -0.031092 12.777500 -0.144729 0.023130 0.989201 0.315300 0.000000 0.000000 0.000000 1.000000
0.983230 0.041922 0.177487 -0.002400 -0.048372 0.998311 0.032170 12.777500 -0.175838 -0.040216 0.983597 0.315300 0.000000 0.000000 0.000000 1.000000
0.977995 -0.002538 0.208612 -0.002400 -0.012507 0.997414 0.070767 12.777500 -0.208252 -0.071819 0.975435 0.315300 0.000000 0.000000 0.000000 1.000000
0.975643 -0.030448 0.217239 -0.002400 0.013008 0.996608 0.081266 12.777500 -0.218976 -0.076460 0.972730 0.315300 0.000000 0.000000 0.000000 1.000000
0.977179 -0.029104 0.210412 -0.002400 0.017667 0.998273 0.056031 12.777500 -0.211680 -0.051035 0.976006 0.315300 0.000000 0.000000 0.000000 1.000000
0.977433 -0.016535 0.210595 -0.002400 0.015016 0.999848 0.008813 12.777500 -0.210709 -0.005451 0.977534 0.315300 0.000000 0.000000 0.000000 1.000000
0.974794 -0.003858 0.223074 -0.002400 0.013234 0.999090 -0.040552 12.777500 -0.222715 0.042482 0.973958 0.315300 0.000000 0.000000 0.000000 1.000000
0.972713 0.001099 0.232009 -0.002400 0.017877 0.996661 -0.079671 12.777500 -0.231322 0.081645 0.969445 0.315300 0.000000 0.000000 0.000000 1.000000
0.973368 -0.007926 0.229112 -0.002400 0.031126 0.994717 -0.097822 12.777500 -0.227127 0.102348 0.968472 0.315300 0.000000 0.000000 0.000000 1.000000
0.974030 -0.028401 0.224629 -0.002400 0.049962 0.994607 -0.090889 12.777500 -0.220836 0.099751 0.970196 0.315300 0.000000 0.000000 0.000000 1.000000
0.973066 -0.052575 0.224451 -0.002400 0.069818 0.995130 -0.069585 12.777500 -0.219700 0.083382 0.971998 0.315300 0.000000 0.000000 0.000000 1.000000
0.971802 -0.074685 0.223658 -0.002400 0.087412 0.995037 -0.047541 12.777500 -0.218997 0.065751 0.973508 0.315300 0.000000 0.000000 0.000000 1.000000
0.971359 -0.093602 0.218402 -0.002400 0.101640 0.994486 -0.025838 12.777500 -0.214779 0.047297 0.975517 0.315300 0.000000 0.000000 0.000000 1.000000
0.971628 -0.110759 0.208976 -0.002400 0.113344 0.993556 -0.000395 12.777500 -0.207586 0.024070 0.977921 0.315300 0.000000 0.000000 0.000000 1.000000
0.972036 -0.126635 0.197761 -0.002400 0.124093 0.991949 0.025250 12.777500 -0.199366 -0.000003 0.979925 0.315300 0.000000 0.000000 0.000000 1.000000
0.972207 -0.138386 0.188844 -0.002400 0.132546 0.990232 0.043274 12.777500 -0.192988 -0.017040 0.981053 0.315300 0.000000 0.000000 0.000000 1.000000
0.972150 -0.142428 0.186117 -0.002400 0.135256 0.989510 0.050744 12.777500 -0.191392 -0.024157 0.981216 0.315300 0.000000 0.000000 0.000000 1.000000
0.971922 -0.139650 0.189379 -0.002400 0.132309 0.989899 0.050932 12.777500 -0.194579 -0.024445 0.980582 0.315300 0.000000 0.000000 0.000000 1.000000
0.971598 -0.134790 0.194496 -0.002400 0.127752 0.990627 0.048344 12.777500 -0.199189 -0.022123 0.979711 0.315300 0.000000 0.000000 0.000000 1.000000
0.971269 -0.130508 0.199007 -0.002400 0.123969 0.991264 0.045025 12.777500 -0.203145 -0.019061 0.978963 0.315300 0.000000 0.000000 0.000000 1.000000
0.970570 -0.126322 0.205030 -0.002400 0.120415 0.991873 0.041087 12.777500 -0.208554 -0.015189 0.977893 0.315300 0.000000 0.000000 0.000000 1.000000
0.968987 -0.122966 0.214346 -0.002400 0.117980 0.992365 0.035951 12.777500 -0.217130 -0.009548 0.976096 0.315300 0.000000 0.000000 0.000000 1.000000
0.967054 -0.121549 0.223680 -0.002400 0.118109 0.992585 0.028743 12.777500 -0.225515 -0.001377 0.974239 0.315300 0.000000 0.000000 0.000000 1.000000
0.966312 -0.120451 0.227450 -0.002400 0.119154 0.992685 0.019476 12.777500 -0.228132 0.008281 0.973595 0.315300 0.000000 0.000000 0.000000 1.000000
0.967327 -0.117772 0.224516 -0.002400 0.118637 0.992890 0.009682 12.777500 -0.224060 0.017271 0.974422 0.315300 0.000000 0.000000 0.000000 1.000000
0.968743 -0.114845 0.219881 -0.002400 0.117393 0.993084 0.001491 12.777500 -0.218532 0.024368 0.975526 0.315300 0.000000 0.000000 0.000000 1.000000
0.969235 -0.113893 0.218204 -0.002400 0.117523 0.993063 -0.003686 12.777500 -0.216270 0.029216 0.975896 0.315300 0.000000 0.000000 0.000000 1.000000
0.968945 -0.114880 0.218969 -0.002400 0.118959 0.992884 -0.005492 12.777500 -0.216780 0.031369 0.975716 0.315300 0.000000 0.000000 0.000000 1.000000
0.968823 -0.116812 0.218488 -0.002400 0.120687 0.992681 -0.004426 12.777500 -0.216372 0.030656 0.975830 0.315300 0.000000 0.000000 0.000000 1.000000
0.969096 -0.119305 0.215917 -0.002400 0.122476 0.992471 -0.001317 12.777500 -0.214134 0.027721 0.976411 0.315300 0.000000 0.000000 0.000000 1.000000
0.968860 -0.122126 0.215398 -0.002400 0.124337 0.992235 0.003309 12.777500 -0.214129 0.023576 0.976521 0.315300 0.000000 0.000000 0.000000 1.000000
0.967565 -0.124977 0.219542 -0.002400 0.126079 0.991979 0.009042 12.777500 -0.218911 0.018931 0.975561 0.315300 0.000000 0.000000 0.000000 1.000000
0.965729 -0.127727 0.225950 -0.002400 0.127595 0.991709 0.015249 12.777500 -0.226025 0.014103 0.974019 0.315300 0.000000 0.000000 0.000000 1.000000</float_array><technique_common><accessor source="#Spine-Matrix-animation-output-transform-array" count="90" stride="16"><param type="float4x4"/></accessor></technique_common></source><source id="Spine-Interpolations"><Name_array id="Spine-Interpolations-array" count="90">
 LINEAR LINEAR LINEAR LINEAR LINEAR LINEAR LINEAR LINEAR LINEAR LINEAR LINEAR
LINEAR LINEAR LINEAR LINEAR LINEAR LINEAR LINEAR LINEAR LINEAR LINEAR LINEAR LINEAR
LINEAR LINEAR LINEAR LINEAR LINEAR LINEAR LINEAR LINEAR LINEAR LINEAR LINEAR LINEAR
LINEAR LINEAR LINEAR LINEAR LINEAR LINEAR LINEAR LINEAR LINEAR LINEAR LINEAR LINEAR
LINEAR LINEAR LINEAR LINEAR LINEAR LINEAR LINEAR LINEAR LINEAR LINEAR LINEAR LINEAR
LINEAR LINEAR LINEAR LINEAR LINEAR LINEAR LINEAR LINEAR LINEAR LINEAR LINEAR LINEAR
LINEAR LINEAR LINEAR LINEAR LINEAR LINEAR LINEAR LINEAR LINEAR LINEAR LINEAR LINEAR
LINEAR LINEAR LINEAR LINEAR LINEAR LINEAR LINEAR</Name_array><technique_common><accessor source="#Spine-Interpolations-array" count="90"><param type="name"/></accessor></technique_common></source><sampler id="Spine-Matrix-animation-transform"><input semantic="INPUT" source="#Spine-Matrix-animation-input"/><input semantic="OUTPUT" source="#Spine-Matrix-animation-output-transform"/><input semantic="INTERPOLATION" source="#Spine-Interpolations"/></sampler><channel source="#Spine-Matrix-animation-transform" target="Spine/matrix"/></animation>
    <animation id="Spine1-anim" name="Spine1"><source id="Spine1-Matrix-animation-input"><float_array id="Spine1-Matrix-animation-input-array" count="90">

0.000000 0.033333 0.066667 0.100000 0.133333 0.166667 0.200000 0.233333 0.266667 0.300000 0.333333 0.366667 0.400000 0.433333 0.466667 0.500000
0.533333 0.566667 0.600000 0.633333 0.666667 0.700000 0.733333 0.766667 0.800000 0.833333 0.866667 0.900000 0.933333 0.966667 1.000000 1.033333
1.066667 1.100000 1.133333 1.166667 1.200000 1.233333 1.266667 1.300000 1.333333 1.366667 1.400000 1.433333 1.466667 1.500000 1.533333 1.566667
1.600000 1.633333 1.666667 1.700000 1.733333 1.766667 1.800000 1.833333 1.866667 1.900000 1.933333 1.966667 2.000000 2.033333 2.066667 2.100000
2.133333 2.166667 2.200000 2.233333 2.266667 2.300000 2.333333 2.366667 2.400000 2.433333 2.466667 2.500000 2.533333 2.566667 2.600000 2.633333
2.666667 2.700000 2.733333 2.766667 2.800000 2.833333 2.866667 2.900000 2.933333 2.966667</float_array><technique_common><accessor source="#Spine1-Matrix-animation-input-array" count="90"><param name="TIME" type="float"/></accessor></technique_common></source><source id="Spine1-Matrix-animation-output-transform"><float_array id="Spine1-Matrix-animation-output-transform-array" count="1440">

0.999458 -0.025778 -0.020474 -0.002900 0.022904 0.991252 -0.129983 8.819500 0.023645 0.129444 0.991305 0.086600 0.000000 0.000000 0.000000 1.000000
0.999497 -0.025718 -0.018582 -0.002900 0.023293 0.992419 -0.120674 8.819500 0.021544 0.120181 0.992518 0.086600 0.000000 0.000000 0.000000 1.000000
0.999560 -0.022917 -0.018819 -0.002900 0.020724 0.993779 -0.109429 8.819500 0.021209 0.108991 0.993816 0.086600 0.000000 0.000000 0.000000 1.000000
0.999637 -0.017941 -0.020092 -0.002900 0.015906 0.995137 -0.097210 8.819500 0.021738 0.096855 0.995061 0.086600 0.000000 0.000000 0.000000 1.000000
0.999750 -0.013882 -0.017505 -0.002900 0.012372 0.996423 -0.083594 8.819500 0.018603 0.083357 0.996346 0.086600 0.000000 0.000000 0.000000 1.000000
0.999914 -0.010846 -0.007399 -0.002900 0.010308 0.997545 -0.069263 8.819500 0.008132 0.069180 0.997571 0.086600 0.000000 0.000000 0.000000 1.000000
0.999949 -0.004846 0.008817 -0.002900 0.005339 0.998377 -0.056704 8.819500 -0.008528 0.056748 0.998352 0.086600 0.000000 0.000000 0.000000 1.000000
0.999636 0.005772 0.026348 -0.002900 -0.004542 0.998907 -0.046511 8.819500 -0.026588 0.046375 0.998570 0.086600 0.000000 0.000000 0.000000 1.000000
0.999052 0.017298 0.039939 -0.002900 -0.015805 0.999175 -0.037408 8.819500 -0.040553 0.036741 0.998502 0.086600 0.000000 0.000000 0.000000 1.000000
0.998601 0.025050 0.046574 -0.002900 -0.023696 0.999287 -0.029407 8.819500 -0.047277 0.028263 0.998482 0.086600 0.000000 0.000000 0.000000 1.000000
0.998494 0.027470 0.047479 -0.002900 -0.026398 0.999386 -0.023054 8.819500 -0.048083 0.021766 0.998606 0.086600 0.000000 0.000000 0.000000 1.000000
0.998615 0.026050 0.045702 -0.002900 -0.025304 0.999538 -0.016832 8.819500 -0.046119 0.015652 0.998813 0.086600 0.000000 0.000000 0.000000 1.000000
0.998858 0.022239 0.042285 -0.002900 -0.021824 0.999709 -0.010245 8.819500 -0.042501 0.009311 0.999053 0.086600 0.000000 0.000000 0.000000 1.000000
0.999173 0.015415 0.037624 -0.002900 -0.015140 0.999857 -0.007574 8.819500 -0.037736 0.006998 0.999263 0.086600 0.000000 0.000000 0.000000 1.000000
0.999385 0.006112 0.034519 -0.002900 -0.005726 0.999920 -0.011262 8.819500 -0.034585 0.011058 0.999341 0.086600 0.000000 0.000000 0.000000 1.000000
0.999385 -0.002336 0.034974 -0.002900 0.002969 0.999833 -0.018056 8.819500 -0.034926 0.018149 0.999225 0.086600 0.000000 0.000000 0.000000 1.000000
0.999309 -0.007819 0.036337 -0.002900 0.008739 0.999643 -0.025241 8.819500 -0.036127 0.025541 0.999021 0.086600 0.000000 0.000000 0.000000 1.000000
0.999297 -0.011259 0.035746 -0.002900 0.012421 0.999396 -0.032450 8.819500 -0.035359 0.032871 0.998834 0.086600 0.000000 0.000000 0.000000 1.000000
0.999307 -0.013131 0.034843 -0.002900 0.014492 0.999130 -0.039113 8.819500 -0.034299 0.039590 0.998627 0.086600 0.000000 0.000000 0.000000 1.000000
0.999282 -0.010954 0.036278 -0.002900 0.012572 0.998922 -0.044684 8.819500 -0.035749 0.045108 0.998342 0.086600 0.000000 0.000000 0.000000 1.000000
0.999234 -0.002741 0.039044 -0.002900 0.004640 0.998806 -0.048637 8.819500 -0.038864 0.048781 0.998053 0.086600 0.000000 0.000000 0.000000 1.000000
0.999193 0.008935 0.039152 -0.002900 -0.006998 0.998758 -0.049331 8.819500 -0.039544 0.049018 0.998015 0.086600 0.000000 0.000000 0.000000 1.000000
0.999279 0.019139 0.032801 -0.002900 -0.017592 0.998749 -0.046814 8.819500 -0.033656 0.046203 0.998365 0.086600 0.000000 0.000000 0.000000 1.000000
0.999533 0.024527 0.018251 -0.002900 -0.023689 0.998715 -0.044813 8.819500 -0.019327 0.044359 0.998829 0.086600 0.000000 0.000000 0.000000 1.000000
0.999711 0.023646 -0.004444 -0.002900 -0.023823 0.998694 -0.045191 8.819500 0.003370 0.045283 0.998969 0.086600 0.000000 0.000000 0.000000 1.000000
0.999344 0.018182 -0.031329 -0.002900 -0.019616 0.998746 -0.046065 8.819500 0.030452 0.046650 0.998447 0.086600 0.000000 0.000000 0.000000 1.000000
0.998617 0.014326 -0.050589 -0.002900 -0.016857 0.998609 -0.049963 8.819500 0.049802 0.050746 0.997469 0.086600 0.000000 0.000000 0.000000 1.000000
0.998532 0.016928 -0.051447 -0.002900 -0.020093 0.997896 -0.061636 8.819500 0.050295 0.062579 0.996772 0.086600 0.000000 0.000000 0.000000 1.000000
0.998922 0.023146 -0.040248 -0.002900 -0.026140 0.996802 -0.075514 8.819500 0.038372 0.076485 0.996332 0.086600 0.000000 0.000000 0.000000 1.000000
0.999171 0.025760 -0.031536 -0.002900 -0.028268 0.996243 -0.081863 8.819500 0.029308 0.082687 0.996145 0.086600 0.000000 0.000000 0.000000 1.000000
0.999373 0.022282 -0.027521 -0.002900 -0.024489 0.996279 -0.082631 8.819500 0.025578 0.083253 0.996200 0.086600 0.000000 0.000000 0.000000 1.000000
0.999619 0.015818 -0.022626 -0.002900 -0.017689 0.996222 -0.085018 8.819500 0.021195 0.085386 0.996122 0.086600 0.000000 0.000000 0.000000 1.000000
0.999801 0.009306 -0.017627 -0.002900 -0.010826 0.996044 -0.088200 8.819500 0.016736 0.088373 0.995947 0.086600 0.000000 0.000000 0.000000 1.000000
0.999834 0.003266 -0.017926 -0.002900 -0.004824 0.996147 -0.087563 8.819500 0.017571 0.087635 0.995998 0.086600 0.000000 0.000000 0.000000 1.000000
0.999709 -0.001988 -0.024043 -0.002900 0.000029 0.996697 -0.081210 8.819500 0.024125 0.081186 0.996407 0.086600 0.000000 0.000000 0.000000 1.000000
0.999556 -0.005120 -0.029357 -0.002900 0.003087 0.997620 -0.068883 8.819500 0.029640 0.068762 0.997193 0.086600 0.000000 0.000000 0.000000 1.000000
0.999531 -0.006373 -0.029960 -0.002900 0.004687 0.998418 -0.056023 8.819500 0.030270 0.055856 0.997980 0.086600 0.000000 0.000000 0.000000 1.000000
0.999398 -0.008518 -0.033617 -0.002900 0.006737 0.998585 -0.052741 8.819500 0.034019 0.052483 0.998042 0.086600 0.000000 0.000000 0.000000 1.000000
0.998749 -0.013019 -0.048278 -0.002900 0.010274 0.998339 -0.056689 8.819500 0.048935 0.056122 0.997224 0.086600 0.000000 0.000000 0.000000 1.000000
0.997556 -0.017866 -0.067542 -0.002900 0.014292 0.998490 -0.053036 8.819500 0.068388 0.051941 0.996306 0.086600 0.000000 0.000000 0.000000 1.000000
