<?xml version="1.0" encoding="utf-8"?>
<COLLADA xmlns="http://www.collada.org/2005/11/COLLADASchema" version="1.4.1">
  <asset><contributor><author>Mixamo</author><authoring_tool>COLLADA Mixamo exporter</authoring_tool><comments></comments></contributor><created>2018-10-29T12:35:21Z</created><modified>2018-10-29T12:35:21Z</modified><revision></revision><title></title><unit meter="0.010000"/><up_axis>Y_UP</up_axis></asset>
  <library_animations>
    <animation id="Hips-anim" name="Hips"><source id="Hips-Matrix-animation-input"><float_array id="Hips-Matrix-animation-input-array" count="121">

0.000000 0.033333 0.066667 0.100000 0.133333 0.166667 0.200000 0.233333 0.266667 0.300000 0.333333 0.366667 0.400000 0.433333 0.466667 0.500000
0.533333 0.566667 0.600000 0.633333 0.666667 0.700000 0.733333 0.766667 0.800000 0.833333 0.866667 0.900000 0.933333 0.966667 1.000000 1.033333
1.066667 1.100000 1.133333 1.166667 1.200000 1.233333 1.266667 1.300000 1.333333 1.366667 1.400000 1.433333 1.466667 1.500000 1.533333 1.566667
1.600000 1.633333 1.666667 1.700000 1.733333 1.766667 1.800000 1.833333 1.866667 1.900000 1.933333 1.966667 2.000000 2.033333 2.066667 2.100000
2.133333 2.166667 2.200000 2.233333 2.266667 2.300000 2.333333 2.366667 2.400000 2.433333 2.466667 2.500000 2.533333 2.566667 2.600000 2.633333
2.666667 2.700000 2.733333 2.766667 2.800000 2.833333 2.866667 2.900000 2.933333 2.966667 3.000000 3.033333 3.066667 3.100000 3.133333 3.166667
3.200000 3.233333 3.266667 3.300000 3.333333 3.366667 3.400000 3.433333 3.466667 3.500000 3.533333 3.566667 3.600000 3.633333 3.666667 3.700000
3.733333 3.766667 3.800000 3.833333 3.866667 3.900000 3.933333 3.966667 4.000000</float_array><technique_common><accessor source="#Hips-Matrix-animation-input-array" count="121"><param name="TIME" type="float"/></accessor></technique_common></source><source id="Hips-Matrix-animation-output-transform"><float_array id="Hips-Matrix-animation-output-transform-array" count="1936">

0.978185 0.011021 -0.207444 -0.132837 -0.045004 0.986120 -0.159821 87.994110 0.202804 0.165670 0.965103 -0.932513 0.000000 0.000000 0.000000 1.000000
0.979103 0.007110 -0.203241 -0.279742 -0.041649 0.985216 -0.166179 88.090576 0.199055 0.171171 0.964924 -0.822310 0.000000 0.000000 0.000000 1.000000
0.979770 0.004423 -0.200077 -0.407605 -0.039641 0.984236 -0.172363 88.169930 0.196160 0.176807 0.964500 -0.720470 0.000000 0.000000 0.000000 1.000000
0.979569 0.002940 -0.201089 -0.455545 -0.039342 0.983375 -0.177271 88.222305 0.197225 0.181560 0.963399 -0.614943 0.000000 0.000000 0.000000 1.000000
0.977862 0.001302 -0.209246 -0.354104 -0.039694 0.982977 -0.179387 88.249771 0.205451 0.183722 0.961268 -0.480443 0.000000 0.000000 0.000000 1.000000
0.974762 -0.001735 -0.223240 -0.092546 -0.039084 0.983200 -0.178296 88.261925 0.219799 0.182521 0.958319 -0.302212 0.000000 0.000000 0.000000 1.000000
0.971417 -0.005643 -0.237314 0.272667 -0.037103 0.983820 -0.175273 88.261429 0.234463 0.179068 0.955490 -0.088221 0.000000 0.000000 0.000000 1.000000
0.969284 -0.008640 -0.245791 0.672315 -0.034857 0.984468 -0.172068 88.241119 0.243460 0.175350 0.953928 0.144166 0.000000 0.000000 0.000000 1.000000
0.968947 -0.009428 -0.247091 1.068573 -0.033689 0.984921 -0.169692 88.195190 0.244965 0.172747 0.954018 0.384900 0.000000 0.000000 0.000000 1.000000
0.969773 -0.008187 -0.243872 1.456370 -0.034007 0.985149 -0.168302 88.129219 0.241628 0.171508 0.955092 0.634204 0.000000 0.000000 0.000000 1.000000
0.970669 -0.006167 -0.240341 1.845987 -0.035238 0.985226 -0.167597 88.058632 0.237824 0.171151 0.956110 0.896206 0.000000 0.000000 0.000000 1.000000
0.970897 -0.004647 -0.239454 2.248315 -0.036513 0.985252 -0.167166 87.999428 0.236699 0.171044 0.956409 1.172248 0.000000 0.000000 0.000000 1.000000
0.970329 -0.004219 -0.241750 2.663926 -0.037249 0.985304 -0.166702 87.959488 0.238901 0.170761 0.955912 1.456313 0.000000 0.000000 0.000000 1.000000
0.969313 -0.004659 -0.245788 3.076376 -0.037389 0.985395 -0.166127 87.937454 0.242972 0.170219 0.954982 1.734972 0.000000 0.000000 0.000000 1.000000
0.968447 -0.005097 -0.249167 3.453422 -0.037431 0.985475 -0.165644 87.926437 0.246393 0.169744 0.954189 1.992100 0.000000 0.000000 0.000000 1.000000
0.968364 -0.004370 -0.249505 3.757512 -0.038239 0.985440 -0.165670 87.919510 0.246596 0.169969 0.954097 2.214693 0.000000 0.000000 0.000000 1.000000
0.969422 -0.001619 -0.245395 3.962007 -0.040531 0.985189 -0.166616 87.912872 0.242030 0.171467 0.954998 2.395864 0.000000 0.000000 0.000000 1.000000
0.971405 0.003022 -0.237411 4.064565 -0.044253 0.984702 -0.168535 87.905106 0.233270 0.174222 0.956678 2.533401 0.000000 0.000000 0.000000 1.000000
0.973524 0.008199 -0.228436 4.089086 -0.048385 0.984104 -0.170877 87.893852 0.223404 0.177406 0.958446 2.626975 0.000000 0.000000 0.000000 1.000000
0.974855 0.011958 -0.222519 4.071252 -0.051467 0.983644 -0.172615 87.876564 0.216815 0.179727 0.959526 2.675323 0.000000 0.000000 0.000000 1.000000
0.974843 0.012907 -0.222519 4.033988 -0.052489 0.983539 -0.172904 87.852859 0.216624 0.180234 0.959474 2.675331 0.000000 0.000000 0.000000 1.000000
0.973573 0.011087 -0.228107 3.969919 -0.051461 0.983783 -0.171824 87.831253 0.222503 0.179022 0.958355 2.621962 0.000000 0.000000 0.000000 1.000000
0.971784 0.007852 -0.235742 3.844229 -0.049309 0.984126 -0.170485 87.827362 0.230661 0.177299 0.956745 2.509160 0.000000 0.000000 0.000000 1.000000
0.970574 0.004871 -0.240754 3.615437 -0.047190 0.984257 -0.170325 87.856140 0.236134 0.176674 0.955524 2.332193 0.000000 0.000000 0.000000 1.000000
0.970743 0.003080 -0.240101 3.258306 -0.045708 0.984005 -0.172176 87.921799 0.235730 0.178113 0.955357 2.091083 0.000000 0.000000 0.000000 1.000000
0.972243 0.002382 -0.233963 2.773921 -0.044688 0.983430 -0.175692 88.012840 0.229668 0.181271 0.956239 1.795532 0.000000 0.000000 0.000000 1.000000
0.974311 0.002113 -0.225198 2.183308 -0.043612 0.982798 -0.179462 88.107506 0.220945 0.184673 0.957643 1.467527 0.000000 0.000000 0.000000 1.000000
0.976136 0.001730 -0.217154 1.513511 -0.042171 0.982442 -0.181739 88.184776 0.213026 0.186559 0.959070 1.137252 0.000000 0.000000 0.000000 1.000000
0.977386 0.001104 -0.211461 0.788067 -0.040357 0.982581 -0.181402 88.233719 0.207577 0.185834 0.960405 0.830353 0.000000 0.000000 0.000000 1.000000
0.978253 0.000387 -0.207417 0.027356 -0.038242 0.983192 -0.178527 88.256058 0.203862 0.182576 0.961825 0.554183 0.000000 0.000000 0.000000 1.000000
0.979145 -0.000264 -0.203162 -0.746303 -0.035890 0.984047 -0.174250 88.260712 0.199967 0.177907 0.963516 0.295991 0.000000 0.000000 0.000000 1.000000
0.980329 -0.000842 -0.197366 -1.506895 -0.033395 0.984865 -0.170074 88.257317 0.194522 0.173320 0.965464 0.036765 0.000000 0.000000 0.000000 1.000000
0.981782 -0.001458 -0.190003 -2.227852 -0.030864 0.985466 -0.167043 88.251503 0.187485 0.169864 0.967469 -0.230888 0.000000 0.000000 0.000000 1.000000
0.983299 -0.002186 -0.181984 -2.885653 -0.028406 0.985830 -0.165325 88.245155 0.179766 0.167733 0.969304 -0.496624 0.000000 0.000000 0.000000 1.000000
0.984654 -0.003001 -0.174493 -3.459477 -0.026137 0.986039 -0.164448 88.235519 0.172550 0.166485 0.970829 -0.742313 0.000000 0.000000 0.000000 1.000000
0.985634 -0.003948 -0.168848 -3.928651 -0.024126 0.986183 -0.163893 88.217331 0.167163 0.165612 0.971920 -0.954660 0.000000 0.000000 0.000000 1.000000
0.985973 -0.005394 -0.166816 -4.272805 -0.022258 0.986301 -0.163449 88.183456 0.165412 0.164869 0.972346 -1.127422 0.000000 0.000000 0.000000 1.000000
0.985314 -0.008003 -0.170562 -4.476876 -0.020217 0.986406 -0.163076 88.131302 0.169549 0.164129 0.971759 -1.253849 0.000000 0.000000 0.000000 1.000000
0.983300 -0.012222 -0.181582 -4.539082 -0.017769 0.986528 -0.162627 88.067505 0.181124 0.163137 0.969835 -1.321386 0.000000 0.000000 0.000000 1.000000
0.979847 -0.017637 -0.198968 -4.475063 -0.015104 0.986701 -0.161843 88.005699 0.199177 0.161587 0.966550 -1.317472 0.000000 0.000000 0.000000 1.000000
0.975580 -0.022813 -0.218457 -4.314080 -0.012894 0.986928 -0.160647 87.957291 0.219266 0.159540 0.962533 -1.241375 0.000000 0.000000 0.000000 1.000000
0.971981 -0.025933 -0.233624 -4.088460 -0.011963 0.987150 -0.159349 87.924370 0.234754 0.157679 0.959181 -1.108551 0.000000 0.000000 0.000000 1.000000
0.970681 -0.025851 -0.238978 -3.821685 -0.012754 0.987260 -0.158601 87.902046 0.240034 0.156999 0.957985 -0.941770 0.000000 0.000000 0.000000 1.000000
0.972209 -0.022771 -0.233004 -3.521214 -0.015003 0.987153 -0.159071 87.887665 0.233633 0.158146 0.959378 -0.756773 0.000000 0.000000 0.000000 1.000000
0.975554 -0.018047 -0.219019 -3.179580 -0.017891 0.986792 -0.161000 87.886559 0.219032 0.160983 0.962346 -0.555707 0.000000 0.000000 0.000000 1.000000
0.979035 -0.013268 -0.203260 -2.783027 -0.020672 0.986252 -0.163950 87.907066 0.202641 0.164715 0.965301 -0.331534 0.000000 0.000000 0.000000 1.000000
0.981446 -0.009362 -0.191510 -2.321615 -0.023195 0.985674 -0.167058 87.949898 0.190331 0.168401 0.967169 -0.076271 0.000000 0.000000 0.000000 1.000000
0.982422 -0.006334 -0.186565 -1.796648 -0.025834 0.985194 -0.169485 88.004646 0.184876 0.171325 0.967713 0.214176 0.000000 0.000000 0.000000 1.000000
0.982187 -0.003670 -0.187873 -1.221450 -0.028970 0.984899 -0.170691 88.056648 0.185662 0.173093 0.967248 0.539855 0.000000 0.000000 0.000000 1.000000
0.981211 -0.000901 -0.192938 -0.614233 -0.032634 0.984806 -0.170561 88.096062 0.190160 0.173653 0.966273 0.897659 0.000000 0.000000 0.000000 1.000000
0.979990 0.002107 -0.199036 0.010568 -0.036537 0.984858 -0.169469 88.119911 0.195665 0.173350 0.965228 1.280752 0.000000 0.000000 0.000000 1.000000
0.978898 0.005205 -0.204281 0.645956 -0.040335 0.984929 -0.168188 88.128960 0.200327 0.172878 0.964356 1.677991 0.000000 0.000000 0.000000 1.000000
0.978110 0.008137 -0.207928 1.289011 -0.043804 0.984896 -0.167514 88.124733 0.203425 0.172955 0.963693 2.075630 0.000000 0.000000 0.000000 1.000000
0.977597 0.010680 -0.210213 1.934461 -0.046843 0.984705 -0.167815 88.109787 0.205205 0.173902 0.963145 2.460521 0.000000 0.000000 0.000000 1.000000
0.977205 0.012713 -0.211917 2.570329 -0.049429 0.984397 -0.168875 88.088928 0.206464 0.175500 0.962586 2.821384 0.000000 0.000000 0.000000 1.000000
0.976779 0.014274 -0.213774 3.178956 -0.051625 0.984060 -0.170178 88.068939 0.207938 0.177262 0.961946 3.148135 0.000000 0.000000 0.000000 1.000000
0.976269 0.015543 -0.216002 3.740637 -0.053576 0.983750 -0.171362 88.058029 0.209829 0.178868 0.961238 3.431450 0.000000 0.000000 0.000000 1.000000
0.975754 0.016729 -0.218229 4.235842 -0.055437 0.983452 -0.172479 88.065559 0.211733 0.180395 0.960535 3.663601 0.000000 0.000000 0.000000 1.000000
0.975366 0.017935 -0.219861 4.646021 -0.057278 0.983096 -0.173903 88.099060 0.213025 0.182212 0.959906 3.839915 0.000000 0.000000 0.000000 1.000000
0.975186 0.019146 -0.220556 4.954717 -0.059088 0.982623 -0.175957 88.160164 0.213355 0.184623 0.959372 3.959316 0.000000 0.000000 0.000000 1.000000
0.975190 0.020306 -0.220438 5.149982 -0.060816 0.982044 -0.178580 88.242836 0.212854 0.187555 0.958914 4.023031 0.000000 0.000000 0.000000 1.000000
0.975287 0.021361 -0.219908 5.227397 -0.062373 0.981450 -0.181288 88.334534 0.211956 0.190524 0.958528 4.033014 0.000000 0.000000 0.000000 1.000000
0.975404 0.022176 -0.219308 5.191771 -0.063563 0.980960 -0.183513 88.422653 0.211063 0.192939 0.958242 3.991710 0.000000 0.000000 0.000000 1.000000
0.975519 0.022533 -0.218757 5.055890 -0.064144 0.980636 -0.185035 88.498055 0.210352 0.194537 0.958075 3.902950 0.000000 0.000000 0.000000 1.000000
0.975647 0.022247 -0.218214 4.836236 -0.063985 0.980441 -0.186124 88.555244 0.209806 0.195554 0.957988 3.772368 0.000000 0.000000 0.000000 1.000000
0.975794 0.021339 -0.217648 4.547508 -0.063204 0.980275 -0.187257 88.591019 0.209359 0.196481 0.957896 3.606848 0.000000 0.000000 0.000000 1.000000
0.975950 0.020019 -0.217075 4.199744 -0.062057 0.980088 -0.188616 88.603928 0.208977 0.197550 0.957759 3.413418 0.000000 0.000000 0.000000 1.000000
0.976114 0.018465 -0.216475 3.800184 -0.060630 0.979949 -0.189799 88.594673 0.208629 0.198391 0.957661 3.199256 0.000000 0.000000 0.000000 1.000000
0.976316 0.016650 -0.215708 3.357702 -0.058687 0.980032 -0.189979 88.566338 0.208238 0.198139 0.957798 2.971332 0.000000 0.000000 0.000000 1.000000
0.976598 0.014417 -0.214588 2.885680 -0.055869 0.980504 -0.188390 88.521736 0.207688 0.195971 0.958364 2.735068 0.000000 0.000000 0.000000 1.000000
0.976970 0.011736 -0.213052 2.400123 -0.052090 0.981394 -0.184803 88.463150 0.206919 0.191645 0.959404 2.492427 0.000000 0.000000 0.000000 1.000000
0.977386 0.008809 -0.211281 1.914352 -0.047689 0.982575 -0.179642 88.395348 0.206018 0.185655 0.960775 2.240367 0.000000 0.000000 0.000000 1.000000
0.977746 0.005970 -0.209709 1.437934 -0.043262 0.983849 -0.173695 88.324234 0.205285 0.178902 0.962212 1.975138 0.000000 0.000000 0.000000 1.000000
0.977923 0.003404 -0.208937 0.975146 -0.039263 0.985052 -0.167724 88.258789 0.205243 0.172225 0.963439 1.697351 0.000000 0.000000 0.000000 1.000000
0.977775 0.001076 -0.209652 0.529387 -0.035885 0.986088 -0.162303 88.205635 0.206561 0.166220 0.964211 1.416097 0.000000 0.000000 0.000000 1.000000
0.977178 -0.001029 -0.212421 0.110225 -0.033279 0.986898 -0.157874 88.162674 0.209801 0.161340 0.964341 1.146685 0.000000 0.000000 0.000000 1.000000
0.976122 -0.002721 -0.217208 -0.270013 -0.031677 0.987449 -0.154726 88.126945 0.214903 0.157912 0.963784 0.900312 0.000000 0.000000 0.000000 1.000000
0.974827 -0.003490 -0.222935 -0.599944 -0.031425 0.987746 -0.152873 88.100693 0.220737 0.156031 0.962772 0.678411 0.000000 0.000000 0.000000 1.000000
0.973742 -0.002703 -0.227637 -0.870896 -0.032818 0.987818 -0.152111 88.091866 0.225275 0.155587 0.961792 0.477259 0.000000 0.000000 0.000000 1.000000
0.973301 -0.000141 -0.229531 -1.071112 -0.035803 0.987666 -0.152426 88.107063 0.226721 0.156575 0.961292 0.298824 0.000000 0.000000 0.000000 1.000000
0.973552 0.003456 -0.228441 -1.176138 -0.039701 0.987233 -0.154258 88.143387 0.224991 0.159247 0.961259 0.157316 0.000000 0.000000 0.000000 1.000000
0.974033 0.006453 -0.226313 -1.146493 -0.043241 0.986495 -0.157978 88.187737 0.222238 0.163662 0.961158 0.075420 0.000000 0.000000 0.000000 1.000000
0.974100 0.007295 -0.226000 -0.940436 -0.045183 0.985602 -0.162933 88.224106 0.221558 0.168924 0.960404 0.074668 0.000000 0.000000 0.000000 1.000000
0.973396 0.005756 -0.229056 -0.538043 -0.045179 0.984880 -0.167243 88.240364 0.224630 0.173142 0.958939 0.166327 0.000000 0.000000 0.000000 1.000000
0.972100 0.003238 -0.234546 0.040477 -0.044038 0.984644 -0.168930 88.229179 0.230397 0.174545 0.957315 0.346154 0.000000 0.000000 0.000000 1.000000
0.970747 0.001690 -0.240097 0.737699 -0.043118 0.984945 -0.167403 88.184891 0.236199 0.172858 0.956206 0.594550 0.000000 0.000000 0.000000 1.000000
0.969760 0.002150 -0.244050 1.484031 -0.043428 0.985523 -0.163886 88.102814 0.240164 0.169529 0.955814 0.883156 0.000000 0.000000 0.000000 1.000000
0.969137 0.004233 -0.246486 2.224965 -0.045099 0.986023 -0.160387 87.983536 0.242362 0.166554 0.955783 1.184981 0.000000 0.000000 0.000000 1.000000
0.968641 0.006870 -0.248369 2.932860 -0.047557 0.986262 -0.158192 87.838234 0.243870 0.165043 0.955661 1.482324 0.000000 0.000000 0.000000 1.000000
0.968139 0.009362 -0.250239 3.600851 -0.050194 0.986275 -0.157294 87.686363 0.245332 0.164843 0.955321 1.768055 0.000000 0.000000 0.000000 1.000000
0.967663 0.011661 -0.251975 4.227654 -0.052748 0.986200 -0.156930 87.546707 0.246668 0.165147 0.954925 2.039301 0.000000 0.000000 0.000000 1.000000
0.967247 0.013901 -0.253455 4.804677 -0.055152 0.986155 -0.156387 87.430313 0.247772 0.165243 0.954622 2.288795 0.000000 0.000000 0.000000 1.000000
0.966866 0.016006 -0.254782 5.314419 -0.057260 0.986200 -0.155340 87.341125 0.248780 0.164781 0.954440 2.502293 0.000000 0.000000 0.000000 1.000000
0.966631 0.017871 -0.255550 5.737146 -0.058903 0.986340 -0.153829 87.278877 0.249311 0.163748 0.954479 2.664709 0.000000 0.000000 0.000000 1.000000
0.966941 0.019764 -0.254232 6.057848 -0.060183 0.986515 -0.152205 87.245125 0.247795 0.162474 0.955092 2.766408 0.000000 0.000000 0.000000 1.000000
0.968268 0.022226 -0.248926 6.269772 -0.061490 0.986605 -0.151094 87.243103 0.242233 0.161606 0.956664 2.805849 0.000000 0.000000 0.000000 1.000000
0.970628 0.025445 -0.239234 6.376985 -0.063118 0.986492 -0.151163 87.274155 0.232156 0.161823 0.959123 2.787816 0.000000 0.000000 0.000000 1.000000
0.973378 0.028771 -0.227394 6.395535 -0.064811 0.986152 -0.152654 87.331848 0.219853 0.163327 0.961763 2.720497 0.000000 0.000000 0.000000 1.000000
0.975624 0.031005 -0.217248 6.347870 -0.065848 0.985712 -0.155034 87.401367 0.209338 0.165561 0.963726 2.611907 0.000000 0.000000 0.000000 1.000000
0.976843 0.031333 -0.211652 6.251245 -0.065675 0.985375 -0.157236 87.465378 0.203630 0.167496 0.964614 2.467644 0.000000 0.000000 0.000000 1.000000
0.977120 0.030038 -0.210555 6.107041 -0.064413 0.985279 -0.158356 87.512527 0.202699 0.168295 0.964671 2.289948 0.000000 0.000000 0.000000 1.000000
0.977001 0.028263 -0.211354 5.900337 -0.062715 0.985424 -0.158134 87.542862 0.203804 0.167753 0.964533 2.078601 0.000000 0.000000 0.000000 1.000000
0.977116 0.027094 -0.210975 5.611705 -0.061206 0.985719 -0.156880 87.565468 0.203712 0.166203 0.964820 1.832864 0.000000 0.000000 0.000000 1.000000
0.977801 0.026844 -0.207810 5.232749 -0.060043 0.986065 -0.155145 87.590508 0.200749 0.164179 0.965787 1.553775 0.000000 0.000000 0.000000 1.000000
0.978970 0.027052 -0.202204 4.773500 -0.058966 0.986385 -0.153517 87.623039 0.195298 0.162212 0.967236 1.245826 0.000000 0.000000 0.000000 1.000000
0.980293 0.027040 -0.195690 4.258407 -0.057661 0.986617 -0.152521 87.661316 0.188947 0.160799 0.968733 0.917576 0.000000 0.000000 0.000000 1.000000
0.981437 0.026416 -0.189958 3.716357 -0.056066 0.986719 -0.152454 87.698967 0.183408 0.160274 0.969883 0.580037 0.000000 0.000000 0.000000 1.000000
0.982180 0.025241 -0.186241 3.173433 -0.054391 0.986710 -0.153118 87.727966 0.179902 0.160519 0.970499 0.243700 0.000000 0.000000 0.000000 1.000000
0.982424 0.023853 -0.185134 2.650856 -0.052931 0.986691 -0.153752 87.742867 0.179002 0.160848 0.970611 -0.082313 0.000000 0.000000 0.000000 1.000000
0.982183 0.022535 -0.186573 2.165057 -0.051789 0.986799 -0.153443 87.744934 0.180653 0.160371 0.970384 -0.387494 0.000000 0.000000 0.000000 1.000000
0.981577 0.021242 -0.189882 1.725638 -0.050724 0.987111 -0.151787 87.742752 0.184210 0.158622 0.970003 -0.657792 0.000000 0.000000 0.000000 1.000000
0.980814 0.019676 -0.193949 1.332871 -0.049320 0.987573 -0.149224 87.747177 0.188603 0.155926 0.969596 -0.879129 0.000000 0.000000 0.000000 1.000000
0.980108 0.017789 -0.197667 0.981858 -0.047521 0.988037 -0.146711 87.762115 0.192692 0.153186 0.969228 -1.045900 0.000000 0.000000 0.000000 1.000000
0.979547 0.016232 -0.200562 0.675884 -0.046056 0.988367 -0.144946 87.778442 0.195876 0.151218 0.968899 -1.165523 0.000000 0.000000 0.000000 1.000000
0.978991 0.016101 -0.203265 0.437512 -0.046128 0.988521 -0.143869 87.779388 0.198615 0.150223 0.968496 -1.249860 0.000000 0.000000 0.000000 1.000000
0.978201 0.017789 -0.206897 0.294375 -0.048239 0.988535 -0.143078 87.758774 0.201980 0.149940 0.967844 -1.299718 0.000000 0.000000 0.000000 1.000000
0.977218 0.020049 -0.211288 0.237023 -0.051166 0.988420 -0.142853 87.736694 0.205977 0.150410 0.966928 -1.302498 0.000000 0.000000 0.000000 1.000000
0.976546 0.020767 -0.214306 0.202426 -0.052689 0.988125 -0.144339 87.747330 0.208764 0.152245 0.966043 -1.251141 0.000000 0.000000 0.000000 1.000000
0.976614 0.018953 -0.214163 0.128672 -0.051658 0.987612 -0.148169 87.804962 0.208702 0.155767 0.965495 -1.159126 0.000000 0.000000 0.000000 1.000000
0.977284 0.015300 -0.211380 0.008513 -0.048687 0.986923 -0.153662 87.894127 0.206264 0.160463 0.965249 -1.048173 0.000000 0.000000 0.000000 1.000000
0.978185 0.011021 -0.207444 -0.132837 -0.045004 0.986120 -0.159821 87.994110 0.202804 0.165670 0.965103 -0.932513 0.000000 0.000000 0.000000 1.000000</float_array><technique_common><accessor source="#Hips-Matrix-animation-output-transform-array" count="121" stride="16"><param type="float4x4"/></accessor></technique_common></source><source id="Hips-Interpolations"><Name_array id="Hips-Interpolations-array" count="121">
 LINEAR LINEAR LINEAR LINEAR LINEAR LINEAR LINEAR LINEAR LINEAR LINEAR LINEAR
LINEAR LINEAR LINEAR LINEAR LINEAR LINEAR LINEAR LINEAR LINEAR LINEAR LINEAR LINEAR
LINEAR LINEAR LINEAR LINEAR LINEAR LINEAR LINEAR LINEAR LINEAR LINEAR LINEAR LINEAR
LINEAR LINEAR LINEAR LINEAR LINEAR LINEAR LINEAR LINEAR LINEAR LINEAR LINEAR LINEAR
LINEAR LINEAR LINEAR LINEAR LINEAR LINEAR LINEAR LINEAR LINEAR LINEAR LINEAR LINEAR
LINEAR LINEAR LINEAR LINEAR LINEAR LINEAR LINEAR LINEAR LINEAR LINEAR LINEAR LINEAR
LINEAR LINEAR LINEAR LINEAR LINEAR LINEAR LINEAR LINEAR LINEAR LINEAR LINEAR LINEAR
LINEAR LINEAR LINEAR LINEAR LINEAR LINEAR LINEAR LINEAR LINEAR LINEAR LINEAR LINEAR
LINEAR LINEAR LINEAR LINEAR LINEAR LINEAR LINEAR LINEAR LINEAR LINEAR LINEAR LINEAR
LINEAR LINEAR LINEAR LINEAR LINEAR LINEAR LINEAR LINEAR LINEAR LINEAR LINEAR LINEAR
LINEAR LINEAR</Name_array><technique_common><accessor source="#Hips-Interpolations-array" count="121"><param type="name"/></accessor></technique_common></source><sampler id="Hips-Matrix-animation-transform"><input semantic="INPUT" source="#Hips-Matrix-animation-input"/><input semantic="OUTPUT" source="#Hips-Matrix-animation-output-transform"/><input semantic="INTERPOLATION" source="#Hips-Interpolations"/></sampler><channel source="#Hips-Matrix-animation-transform" target="Hips/matrix"/></animation>
    <animation id="Spine-anim" name="Spine"><source id="Spine-Matrix-animation-input"><float_array id="Spine-Matrix-animation-input-array" count="121">

0.000000 0.033333 0.066667 0.100000 0.133333 0.166667 0.200000 0.233333 0.266667 0.300000 0.333333 0.366667 0.400000 0.433333 0.466667 0.500000
0.533333 0.566667 0.600000 0.633333 0.666667 0.700000 0.733333 0.766667 0.800000 0.833333 0.866667 0.900000 0.933333 0.966667 1.000000 1.033333
1.066667 1.100000 1.133333 1.166667 1.200000 1.233333 1.266667 1.300000 1.333333 1.366667 1.400000 1.433333 1.466667 1.500000 1.533333 1.566667
1.600000 1.633333 1.666667 1.700000 1.733333 1.766667 1.800000 1.833333 1.866667 1.900000 1.933333 1.966667 2.000000 2.033333 2.066667 2.100000
2.133333 2.166667 2.200000 2.233333 2.266667 2.300000 2.333333 2.366667 2.400000 2.433333 2.466667 2.500000 2.533333 2.566667 2.600000 2.633333
2.666667 2.700000 2.733333 2.766667 2.800000 2.833333 2.866667 2.900000 2.933333 2.966667 3.000000 3.033333 3.066667 3.100000 3.133333 3.166667
3.200000 3.233333 3.266667 3.300000 3.333333 3.366667 3.400000 3.433333 3.466667 3.500000 3.533333 3.566667 3.600000 3.633333 3.666667 3.700000
3.733333 3.766667 3.800000 3.833333 3.866667 3.900000 3.933333 3.966667 4.000000</float_array><technique_common><accessor source="#Spine-Matrix-animation-input-array" count="121"><param name="TIME" type="float"/></accessor></technique_common></source><source id="Spine-Matrix-animation-output-transform"><float_array id="Spine-Matrix-animation-output-transform-array" count="1936">

0.999462 -0.020897 -0.025286 -0.002400 0.016534 0.986672 -0.161878 12.777500 0.028332 0.161373 0.986487 0.315300 0.000000 0.000000 0.000000 1.000000
0.999413 -0.021516 -0.026666 -0.002400 0.016962 0.986879 -0.160566 12.777500 0.029771 0.160019 0.986665 0.315300 0.000000 0.000000 0.000000 1.000000
0.999364 -0.022025 -0.028044 -0.002400 0.017286 0.987086 -0.159255 12.777500 0.031189 0.158669 0.986839 0.315300 0.000000 0.000000 0.000000 1.000000
0.999318 -0.022423 -0.029343 -0.002400 0.017514 0.987285 -0.157991 12.777500 0.032512 0.157370 0.987004 0.315300 0.000000 0.000000 0.000000 1.000000
0.999276 -0.022725 -0.030499 -0.002400 0.017672 0.987475 -0.156785 12.777500 0.033679 0.156132 0.987162 0.315300 0.000000 0.000000 0.000000 1.000000
0.999245 -0.022918 -0.031365 -0.002400 0.017767 0.987654 -0.155641 12.777500 0.034545 0.154966 0.987316 0.315300 0.000000 0.000000 0.000000 1.000000
0.999233 -0.022908 -0.031751 -0.002400 0.017731 0.987807 -0.154672 12.777500 0.034908 0.153990 0.987456 0.315300 0.000000 0.000000 0.000000 1.000000
0.999241 -0.022597 -0.031718 -0.002400 0.017448 0.987899 -0.154113 12.777500 0.034816 0.153443 0.987544 0.315300 0.000000 0.000000 0.000000 1.000000
0.999255 -0.022066 -0.031655 -0.002400 0.016932 0.987901 -0.154161 12.777500 0.034674 0.153510 0.987539 0.315300 0.000000 0.000000 0.000000 1.000000
0.999261 -0.021513 -0.031867 -0.002400 0.016330 0.987812 -0.154794 12.777500 0.034808 0.154159 0.987433 0.315300 0.000000 0.000000 0.000000 1.000000
0.999258 -0.021046 -0.032249 -0.002400 0.015774 0.987661 -0.155808 12.777500 0.035130 0.155183 0.987261 0.315300 0.000000 0.000000 0.000000 1.000000
0.999257 -0.020673 -0.032526 -0.002400 0.015321 0.987489 -0.156944 12.777500 0.035364 0.156329 0.987072 0.315300 0.000000 0.000000 0.000000 1.000000
0.999262 -0.020392 -0.032565 -0.002400 0.015001 0.987331 -0.157962 12.777500 0.035373 0.157357 0.986908 0.315300 0.000000 0.000000 0.000000 1.000000
0.999268 -0.020231 -0.032456 -0.002400 0.014833 0.987221 -0.158663 12.777500 0.035251 0.158066 0.986799 0.315300 0.000000 0.000000 0.000000 1.000000
0.999270 -0.020223 -0.032414 -0.002400 0.014824 0.987181 -0.158914 12.777500 0.035213 0.158317 0.986760 0.315300 0.000000 0.000000 0.000000 1.000000
0.999259 -0.020379 -0.032655 -0.002400 0.014947 0.987216 -0.158683 12.777500 0.035471 0.158077 0.986789 0.315300 0.000000 0.000000 0.000000 1.000000
0.999232 -0.020655 -0.033301 -0.002400 0.015141 0.987313 -0.158060 12.777500 0.036144 0.157434 0.986868 0.315300 0.000000 0.000000 0.000000 1.000000
0.999191 -0.020970 -0.034327 -0.002400 0.015322 0.987444 -0.157226 12.777500 0.037193 0.156573 0.986966 0.315300 0.000000 0.000000 0.000000 1.000000
0.999142 -0.021263 -0.035545 -0.002400 0.015452 0.987572 -0.156407 12.777500 0.038429 0.155723 0.987053 0.315300 0.000000 0.000000 0.000000 1.000000
0.999095 -0.021532 -0.036672 -0.002400 0.015567 0.987665 -0.155805 12.777500 0.039574 0.155093 0.987107 0.315300 0.000000 0.000000 0.000000 1.000000
0.999060 -0.021828 -0.037455 -0.002400 0.015748 0.987703 -0.155544 12.777500 0.040390 0.154808 0.987119 0.315300 0.000000 0.000000 0.000000 1.000000
0.999039 -0.022220 -0.037769 -0.002400 0.016083 0.987683 -0.155641 12.777500 0.040762 0.154884 0.987091 0.315300 0.000000 0.000000 0.000000 1.000000
0.999032 -0.022771 -0.037647 -0.002400 0.016632 0.987615 -0.156015 12.777500 0.040733 0.155238 0.987037 0.315300 0.000000 0.000000 0.000000 1.000000
0.999030 -0.023515 -0.037241 -0.002400 0.017408 0.987519 -0.156537 12.777500 0.040457 0.155737 0.986970 0.315300 0.000000 0.000000 0.000000 1.000000
0.999026 -0.024426 -0.036743 -0.002400 0.018365 0.987415 -0.157078 12.777500 0.040117 0.156250 0.986903 0.315300 0.000000 0.000000 0.000000 1.000000
0.999017 -0.025435 -0.036298 -0.002400 0.019413 0.987321 -0.157548 12.777500 0.039845 0.156688 0.986844 0.315300 0.000000 0.000000 0.000000 1.000000
0.999003 -0.026438 -0.035963 -0.002400 0.020442 0.987241 -0.157916 12.777500 0.039679 0.157024 0.986797 0.315300 0.000000 0.000000 0.000000 1.000000
0.998988 -0.027340 -0.035707 -0.002400 0.021362 0.987175 -0.158208 12.777500 0.039575 0.157286 0.986760 0.315300 0.000000 0.000000 0.000000 1.000000
0.998976 -0.028083 -0.035473 -0.002400 0.022122 0.987113 -0.158489 12.777500 0.039467 0.157541 0.986723 0.315300 0.000000 0.000000 0.000000 1.000000
0.998968 -0.028666 -0.035232 -0.002400 0.022722 0.987042 -0.158844 12.777500 0.039329 0.157879 0.986675 0.315300 0.000000 0.000000 0.000000 1.000000
0.998962 -0.029153 -0.035010 -0.002400 0.023217 0.986948 -0.159358 12.777500 0.039199 0.158380 0.986600 0.315300 0.000000 0.000000 0.000000 1.000000
0.998952 -0.029635 -0.034881 -0.002400 0.023685 0.986818 -0.160089 12.777500 0.039165 0.159096 0.986486 0.315300 0.000000 0.000000 0.000000 1.000000
0.998935 -0.030156 -0.034931 -0.002400 0.024154 0.986653 -0.161035 12.777500 0.039321 0.160020 0.986330 0.315300 0.000000 0.000000 0.000000 1.000000
0.998910 -0.030682 -0.035185 -0.002400 0.024590 0.986466 -0.162110 12.777500 0.039683 0.161068 0.986145 0.315300 0.000000 0.000000 0.000000 1.000000
0.998884 -0.031104 -0.035538 -0.002400 0.024907 0.986288 -0.163143 12.777500 0.040125 0.162076 0.985962 0.315300 0.000000 0.000000 0.000000 1.000000
0.998872 -0.031255 -0.035742 -0.002400 0.024991 0.986157 -0.163921 12.777500 0.040370 0.162843 0.985826 0.315300 0.000000 0.000000 0.000000 1.000000
0.998891 -0.030948 -0.035476 -0.002400 0.024718 0.986108 -0.164254 12.777500 0.040067 0.163195 0.985780 0.315300 0.000000 0.000000 0.000000 1.000000
0.998955 -0.030025 -0.034469 -0.002400 0.023980 0.986160 -0.164055 12.777500 0.038918 0.163056 0.985849 0.315300 0.000000 0.000000 0.000000 1.000000
0.999063 -0.028439 -0.032611 -0.002400 0.022742 0.986301 -0.163383 12.777500 0.036811 0.162488 0.986024 0.315300 0.000000 0.000000 0.000000 1.000000
0.999203 -0.026309 -0.030030 -0.002400 0.021092 0.986493 -0.162439 12.777500 0.033898 0.161676 0.986261 0.315300 0.000000 0.000000 0.000000 1.000000
0.999347 -0.023902 -0.027091 -0.002400 0.019221 0.986687 -0.161494 12.777500 0.030590 0.160868 0.986502 0.315300 0.000000 0.000000 0.000000 1.000000
0.999472 -0.021555 -0.024302 -0.002400 0.017373 0.986837 -0.160780 12.777500 0.027448 0.160273 0.986691 0.315300 0.000000 0.000000 0.000000 1.000000
0.999563 -0.019577 -0.022146 -0.002400 0.015775 0.986926 -0.160398 12.777500 0.024997 0.159979 0.986804 0.315300 0.000000 0.000000 0.000000 1.000000
0.999616 -0.018178 -0.020893 -0.002400 0.014598 0.986965 -0.160273 12.777500 0.023534 0.159906 0.986852 0.315300 0.000000 0.000000 0.000000 1.000000
0.999638 -0.017412 -0.020508 -0.002400 0.013906 0.986989 -0.160183 12.777500 0.023030 0.159839 0.986874 0.315300 0.000000 0.000000 0.000000 1.000000
0.999639 -0.017157 -0.020686 -0.002400 0.013633 0.987045 -0.159863 12.777500 0.023161 0.159523 0.986922 0.315300 0.000000 0.000000 0.000000 1.000000
0.999632 -0.017168 -0.020981 -0.002400 0.013614 0.987165 -0.159125 12.777500 0.023444 0.158781 0.987036 0.315300 0.000000 0.000000 0.000000 1.000000
0.999632 -0.017186 -0.020968 -0.002400 0.013662 0.987354 -0.157939 12.777500 0.023417 0.157595 0.987226 0.315300 0.000000 0.000000 0.000000 1.000000
0.999647 -0.017029 -0.020385 -0.002400 0.013633 0.987591 -0.156455 12.777500 0.022796 0.156122 0.987475 0.315300 0.000000 0.000000 0.000000 1.000000
0.999677 -0.016623 -0.019206 -0.002400 0.013450 0.987833 -0.154935 12.777500 0.021547 0.154627 0.987738 0.315300 0.000000 0.000000 0.000000 1.000000
0.999717 -0.015975 -0.017624 -0.002400 0.013079 0.988038 -0.153656 12.777500 0.019868 0.153382 0.987967 0.315300 0.000000 0.000000 0.000000 1.000000
0.999758 -0.015123 -0.015963 -0.002400 0.012508 0.988177 -0.152805 12.777500 0.018086 0.152568 0.988127 0.315300 0.000000 0.000000 0.000000 1.000000
0.999795 -0.014121 -0.014537 -0.002400 0.011741 0.988245 -0.152425 12.777500 0.016518 0.152223 0.988208 0.315300 0.000000 0.000000 0.000000 1.000000
0.999823 -0.013028 -0.013540 -0.002400 0.010813 0.988256 -0.152426 12.777500 0.015367 0.152253 0.988222 0.315300 0.000000 0.000000 0.000000 1.000000
0.999844 -0.011907 -0.013010 -0.002400 0.009782 0.988234 -0.152634 12.777500 0.014675 0.152483 0.988197 0.315300 0.000000 0.000000 0.000000 1.000000
0.999859 -0.010805 -0.012860 -0.002400 0.008713 0.988207 -0.152874 12.777500 0.014360 0.152740 0.988162 0.315300 0.000000 0.000000 0.000000 1.000000
0.999868 -0.009769 -0.012947 -0.002400 0.007673 0.988191 -0.153033 12.777500 0.014289 0.152914 0.988136 0.315300 0.000000 0.000000 0.000000 1.000000
0.999875 -0.008842 -0.013145 -0.002400 0.006726 0.988190 -0.153083 12.777500 0.014343 0.152975 0.988126 0.315300 0.000000 0.000000 0.000000 1.000000
0.999878 -0.008055 -0.013383 -0.002400 0.005912 0.988200 -0.153056 12.777500 0.014458 0.152958 0.988127 0.315300 0.000000 0.000000 0.000000 1.000000
0.999880 -0.007403 -0.013636 -0.002400 0.005230 0.988213 -0.152999 12.777500 0.014608 0.152909 0.988132 0.315300 0.000000 0.000000 0.000000 1.000000
0.999880 -0.006839 -0.013895 -0.002400 0.004634 0.988225 -0.152937 12.777500 0.014777 0.152854 0.988138 0.315300 0.000000 0.000000 0.000000 1.000000
0.999880 -0.006295 -0.014135 -0.002400 0.004061 0.988240 -0.152857 12.777500 0.014931 0.152781 0.988147 0.315300 0.000000 0.000000 0.000000 1.000000
0.999881 -0.005710 -0.014300 -0.002400 0.003460 0.988263 -0.152725 12.777500 0.015004 0.152658 0.988165 0.315300 0.000000 0.000000 0.000000 1.000000
0.999885 -0.005060 -0.014313 -0.002400 0.002818 0.988298 -0.152511 12.777500 0.014918 0.152453 0.988198 0.315300 0.000000 0.000000 0.000000 1.000000
0.999891 -0.004347 -0.014101 -0.002400 0.002151 0.988346 -0.152211 12.777500 0.014598 0.152164 0.988247 0.315300 0.000000 0.000000 0.000000 1.000000
0.999901 -0.003593 -0.013629 -0.002400 0.001481 0.988400 -0.151868 12.777500 0.014017 0.151832 0.988307 0.315300 0.000000 0.000000 0.000000 1.000000
0.999912 -0.002821 -0.012926 -0.002400 0.000830 0.988448 -0.151559 12.777500 0.013204 0.151535 0.988364 0.315300 0.000000 0.000000 0.000000 1.000000
0.999925 -0.002062 -0.012079 -0.002400 0.000210 0.988474 -0.151391 12.777500 0.012252 0.151377 0.988400 0.315300 0.000000 0.000000 0.000000 1.000000
0.999936 -0.001354 -0.011212 -0.002400 -0.000360 0.988463 -0.151460 12.777500 0.011288 0.151455 0.988400 0.315300 0.000000 0.000000 0.000000 1.000000
0.999945 -0.000751 -0.010440 -0.002400 -0.000843 0.988405 -0.151839 12.777500 0.010433 0.151840 0.988350 0.315300 0.000000 0.000000 0.000000 1.000000
0.999952 -0.000327 -0.009827 -0.002400 -0.001176 0.988295 -0.152549 12.777500 0.009762 0.152554 0.988247 0.315300 0.000000 0.000000 0.000000 1.000000
0.999956 -0.000146 -0.009371 -0.002400 -0.001295 0.988139 -0.153560 12.777500 0.009282 0.153565 0.988095 0.315300 0.000000 0.000000 0.000000 1.000000
0.999960 -0.000287 -0.008985 -0.002400 -0.001108 0.987947 -0.154786 12.777500 0.008921 0.154790 0.987907 0.315300 0.000000 0.000000 0.000000 1.000000
0.999963 -0.000772 -0.008559 -0.002400 -0.000574 0.987740 -0.156106 12.777500 0.008575 0.156105 0.987703 0.315300 0.000000 0.000000 0.000000 1.000000
0.999967 -0.001548 -0.008010 -0.002400 0.000268 0.987539 -0.157373 12.777500 0.008154 0.157365 0.987507 0.315300 0.000000 0.000000 0.000000 1.000000
0.999970 -0.002553 -0.007315 -0.002400 0.001362 0.987368 -0.158436 12.777500 0.007627 0.158421 0.987342 0.315300 0.000000 0.000000 0.000000 1.000000
0.999972 -0.003684 -0.006568 -0.002400 0.002592 0.987249 -0.159160 12.777500 0.007070 0.159139 0.987231 0.315300 0.000000 0.000000 0.000000 1.000000
0.999970 -0.004860 -0.005971 -0.002400 0.003845 0.987198 -0.159451 12.777500 0.006669 0.159423 0.987188 0.315300 0.000000 0.000000 0.000000 1.000000
0.999965 -0.006053 -0.005780 -0.002400 0.005055 0.987221 -0.159276 12.777500 0.006671 0.159242 0.987217 0.315300 0.000000 0.000000 0.000000 1.000000
0.999954 -0.007299 -0.006225 -0.002400 0.006219 0.987308 -0.158696 12.777500 0.007305 0.158650 0.987308 0.315300 0.000000 0.000000 0.000000 1.000000
0.999935 -0.008657 -0.007428 -0.002400 0.007376 0.987434 -0.157859 12.777500 0.008702 0.157794 0.987434 0.315300 0.000000 0.000000 0.000000 1.000000
0.999905 -0.010170 -0.009346 -0.002400 0.008577 0.987563 -0.156987 12.777500 0.010826 0.156892 0.987556 0.315300 0.000000 0.000000 0.000000 1.000000
0.999861 -0.011837 -0.011767 -0.002400 0.009853 0.987658 -0.156314 12.777500 0.013472 0.156176 0.987637 0.315300 0.000000 0.000000 0.000000 1.000000
0.999805 -0.013574 -0.014374 -0.002400 0.011167 0.987692 -0.156013 12.777500 0.016315 0.155822 0.987650 0.315300 0.000000 0.000000 0.000000 1.000000
0.999742 -0.015192 -0.016862 -0.002400 0.012374 0.987657 -0.156142 12.777500 0.019025 0.155893 0.987591 0.315300 0.000000 0.000000 0.000000 1.000000
0.999684 -0.016447 -0.019008 -0.002400 0.013270 0.987572 -0.156606 12.777500 0.021348 0.156304 0.987478 0.315300 0.000000 0.000000 0.000000 1.000000
0.999639 -0.017152 -0.020699 -0.002400 0.013688 0.987473 -0.157191 12.777500 0.023136 0.156851 0.987351 0.315300 0.000000 0.000000 0.000000 1.000000
0.999612 -0.017217 -0.021915 -0.002400 0.013550 0.987404 -0.157636 12.777500 0.024352 0.157278 0.987254 0.315300 0.000000 0.000000 0.000000 1.000000
0.999604 -0.016611 -0.022725 -0.002400 0.012822 0.987400 -0.157724 12.777500 0.025058 0.157370 0.987222 0.315300 0.000000 0.000000 0.000000 1.000000
0.999612 -0.015364 -0.023240 -0.002400 0.011518 0.987473 -0.157370 12.777500 0.025366 0.157041 0.987266 0.315300 0.000000 0.000000 0.000000 1.000000
0.999630 -0.013596 -0.023550 -0.002400 0.009742 0.987605 -0.156657 12.777500 0.025388 0.156370 0.987372 0.315300 0.000000 0.000000 0.000000 1.000000
0.999652 -0.011519 -0.023722 -0.002400 0.007684 0.987757 -0.155808 12.777500 0.025226 0.155572 0.987502 0.315300 0.000000 0.000000 0.000000 1.000000
0.999672 -0.009398 -0.023816 -0.002400 0.005593 0.987885 -0.155089 12.777500 0.024985 0.154905 0.987613 0.315300 0.000000 0.000000 0.000000 1.000000
0.999686 -0.007509 -0.023909 -0.002400 0.003721 0.987953 -0.154711 12.777500 0.024783 0.154574 0.987670 0.315300 0.000000 0.000000 0.000000 1.000000
0.999692 -0.006099 -0.024073 -0.002400 0.002301 0.987950 -0.154755 12.777500 0.024726 0.154652 0.987660 0.315300 0.000000 0.000000 0.000000 1.000000
0.999690 -0.005327 -0.024340 -0.002400 0.001486 0.987888 -0.155162 12.777500 0.024872 0.155077 0.987589 0.315300 0.000000 0.000000 0.000000 1.000000
0.999682 -0.005232 -0.024678 -0.002400 0.001324 0.987790 -0.155784 12.777500 0.025192 0.155702 0.987483 0.315300 0.000000 0.000000 0.000000 1.000000
0.999672 -0.005749 -0.024970 -0.002400 0.001772 0.987683 -0.156459 12.777500 0.025562 0.156364 0.987369 0.315300 0.000000 0.000000 0.000000 1.000000
0.999663 -0.006728 -0.025072 -0.002400 0.002708 0.987583 -0.157074 12.777500 0.025818 0.156953 0.987269 0.315300 0.000000 0.000000 0.000000 1.000000
0.999658 -0.007977 -0.024889 -0.002400 0.003957 0.987497 -0.157585 12.777500 0.025835 0.157433 0.987192 0.315300 0.000000 0.000000 0.000000 1.000000
0.999658 -0.009326 -0.024437 -0.002400 0.005349 0.987423 -0.158009 12.777500 0.025604 0.157825 0.987135 0.315300 0.000000 0.000000 0.000000 1.000000
0.999659 -0.010690 -0.023843 -0.002400 0.006781 0.987354 -0.158387 12.777500 0.025234 0.158171 0.987089 0.315300 0.000000 0.000000 0.000000 1.000000
0.999656 -0.012081 -0.023289 -0.002400 0.008233 0.987284 -0.158751 12.777500 0.024911 0.158504 0.987044 0.315300 0.000000 0.000000 0.000000 1.000000
0.999645 -0.013545 -0.022946 -0.002400 0.009724 0.987212 -0.159115 12.777500 0.024808 0.158836 0.986993 0.315300 0.000000 0.000000 0.000000 1.000000
0.999624 -0.015070 -0.022910 -0.002400 0.011227 0.987136 -0.159487 12.777500 0.025019 0.159169 0.986934 0.315300 0.000000 0.000000 0.000000 1.000000
0.999595 -0.016543 -0.023161 -0.002400 0.012631 0.987055 -0.159884 12.777500 0.025507 0.159526 0.986864 0.315300 0.000000 0.000000 0.000000 1.000000
0.999564 -0.017775 -0.023572 -0.002400 0.013770 0.986965 -0.160345 12.777500 0.026115 0.159951 0.986779 0.315300 0.000000 0.000000 0.000000 1.000000
0.999541 -0.018570 -0.023956 -0.002400 0.014478 0.986860 -0.160925 12.777500 0.026629 0.160504 0.986676 0.315300 0.000000 0.000000 0.000000 1.000000
0.999532 -0.018814 -0.024139 -0.002400 0.014668 0.986736 -0.161666 12.777500 0.026861 0.161236 0.986550 0.315300 0.000000 0.000000 0.000000 1.000000
0.999539 -0.018537 -0.024031 -0.002400 0.014388 0.986590 -0.162581 12.777500 0.026723 0.162160 0.986402 0.315300 0.000000 0.000000 0.000000 1.000000
0.999559 -0.017929 -0.023656 -0.002400 0.013821 0.986424 -0.163637 12.777500 0.026269 0.163238 0.986237 0.315300 0.000000 0.000000 0.000000 1.000000
0.999583 -0.017283 -0.023134 -0.002400 0.013239 0.986246 -0.164753 12.777500 0.025663 0.164379 0.986063 0.315300 0.000000 0.000000 0.000000 1.000000
0.999602 -0.016905 -0.022572 -0.002400 0.012932 0.986072 -0.165817 12.777500 0.025060 0.165459 0.985898 0.315300 0.000000 0.000000 0.000000 1.000000
