<?xml version="1.0" encoding="utf-8"?>
<COLLADA xmlns="http://www.collada.org/2005/11/COLLADASchema" version="1.4.1">
  <asset><contributor><author>Mixamo</author><authoring_tool>COLLADA Mixamo exporter</authoring_tool><comments></comments></contributor><created>2018-11-01T19:31:12Z</created><modified>2018-11-01T19:31:12Z</modified><revision></revision><title></title><unit meter="0.010000"/><up_axis>Y_UP</up_axis></asset>
  <library_animations>
    <animation id="mixamorig_Hips-anim" name="mixamorig_Hips"><source id="mixamorig_Hips-Matrix-animation-input"><float_array id="mixamorig_Hips-Matrix-animation-input-array" count="19">

0.000000 0.033333 0.066667 0.100000 0.133333 0.166667 0.200000 0.233333 0.266667 0.300000 0.333333 0.366667 0.400000 0.433333 0.466667 0.500000
0.533333 0.566667 0.600000</float_array><technique_common><accessor source="#mixamorig_Hips-Matrix-animation-input-array" count="19"><param name="TIME" type="float"/></accessor></technique_common></source><source id="mixamorig_Hips-Matrix-animation-output-transform"><float_array id="mixamorig_Hips-Matrix-animation-output-transform-array" count="304">

0.981533 -0.045384 0.185833 -0.342595 0.036507 0.998035 0.050917 84.597435 -0.187778 -0.043193 0.981261 -0.645436 0.000000 0.000000 0.000000 1.000000
0.983045 -0.031945 0.180561 -0.270605 0.022446 0.998266 0.054413 83.338150 -0.181987 -0.049437 0.982057 -6.083781 0.000000 0.000000 0.000000 1.000000
0.985153 -0.020735 0.170423 -0.091708 0.011542 0.998433 0.054761 82.754547 -0.171292 -0.051981 0.983848 -11.936872 0.000000 0.000000 0.000000 1.000000
0.988385 -0.011403 0.151540 0.245707 0.003825 0.998732 0.050203 83.088318 -0.151920 -0.049041 0.987175 -18.357433 0.000000 0.000000 0.000000 1.000000
0.991941 -0.006822 0.126519 0.623993 0.001375 0.999070 0.043089 83.902519 -0.126696 -0.042568 0.991028 -25.018063 0.000000 0.000000 0.000000 1.000000
0.995580 -0.002988 0.093867 1.028118 -0.000335 0.999375 0.035361 84.844978 -0.093914 -0.035236 0.994957 -31.453264 0.000000 0.000000 0.000000 1.000000
0.998570 -0.000122 0.053462 1.492225 -0.001433 0.999577 0.029049 85.865608 -0.053443 -0.029084 0.998147 -38.159561 0.000000 0.000000 0.000000 1.000000
0.999895 -0.006200 0.013128 1.915899 0.005794 0.999511 0.030743 86.238129 -0.013312 -0.030664 0.999441 -45.059536 0.000000 0.000000 0.000000 1.000000
0.999672 -0.024354 -0.007887 2.159930 0.024667 0.998800 0.042309 85.317558 0.006847 -0.042490 0.999073 -51.711185 0.000000 0.000000 0.000000 1.000000
0.998959 -0.044143 0.011510 2.182180 0.043522 0.997821 0.049583 83.774910 -0.013674 -0.049030 0.998704 -58.012310 0.000000 0.000000 0.000000 1.000000
0.997135 -0.061336 0.044259 2.002619 0.059142 0.997032 0.049291 82.750771 -0.047151 -0.046532 0.997803 -63.962181 0.000000 0.000000 0.000000 1.000000
0.995027 -0.069506 0.071347 1.747020 0.066283 0.996712 0.046594 82.432312 -0.074351 -0.041633 0.996363 -69.685600 0.000000 0.000000 0.000000 1.000000
0.993409 -0.068869 0.091627 1.458207 0.065086 0.996924 0.043663 82.833260 -0.094353 -0.037412 0.994836 -75.327728 0.000000 0.000000 0.000000 1.000000
0.991141 -0.068006 0.114082 1.161389 0.063629 0.997107 0.041582 83.785820 -0.116580 -0.033955 0.992601 -81.390915 0.000000 0.000000 0.000000 1.000000
0.987262 -0.069357 0.143188 0.882184 0.064055 0.997091 0.041316 84.853195 -0.145637 -0.031618 0.988833 -88.701286 0.000000 0.000000 0.000000 1.000000
0.981727 -0.071788 0.176235 0.560792 0.064804 0.996879 0.045077 85.739342 -0.178921 -0.032832 0.983316 -97.138306 0.000000 0.000000 0.000000 1.000000
0.977062 -0.067637 0.201929 0.178678 0.057901 0.996875 0.053746 86.269188 -0.204933 -0.040821 0.977924 -105.465027 0.000000 0.000000 0.000000 1.000000
0.977099 -0.057119 0.204973 -0.190559 0.045838 0.997183 0.059374 85.860649 -0.207787 -0.048619 0.976965 -112.631363 0.000000 0.000000 0.000000 1.000000
0.981533 -0.045378 0.185832 -0.342547 0.036501 0.998036 0.050917 84.597649 -0.187778 -0.043194 0.981261 -119.156807 0.000000 0.000000 0.000000 1.000000</float_array><technique_common><accessor source="#mixamorig_Hips-Matrix-animation-output-transform-array" count="19" stride="16"><param type="float4x4"/></accessor></technique_common></source><source id="mixamorig_Hips-Interpolations"><Name_array id="mixamorig_Hips-Interpolations-array" count="19">
 LINEAR LINEAR LINEAR LINEAR LINEAR LINEAR LINEAR LINEAR LINEAR LINEAR LINEAR
LINEAR LINEAR LINEAR LINEAR LINEAR LINEAR LINEAR LINEAR</Name_array><technique_common><accessor source="#mixamorig_Hips-Interpolations-array" count="19"><param type="name"/></accessor></technique_common></source><sampler id="mixamorig_Hips-Matrix-animation-transform"><input semantic="INPUT" source="#mixamorig_Hips-Matrix-animation-input"/><input semantic="OUTPUT" source="#mixamorig_Hips-Matrix-animation-output-transform"/><input semantic="INTERPOLATION" source="#mixamorig_Hips-Interpolations"/></sampler><channel source="#mixamorig_Hips-Matrix-animation-transform" target="mixamorig_Hips/matrix"/></animation>
    <animation id="mixamorig_Spine-anim" name="mixamorig_Spine"><source id="mixamorig_Spine-Matrix-animation-input"><float_array id="mixamorig_Spine-Matrix-animation-input-array" count="19">

0.000000 0.033333 0.066667 0.100000 0.133333 0.166667 0.200000 0.233333 0.266667 0.300000 0.333333 0.366667 0.400000 0.433333 0.466667 0.500000
0.533333 0.566667 0.600000</float_array><technique_common><accessor source="#mixamorig_Spine-Matrix-animation-input-array" count="19"><param name="TIME" type="float"/></accessor></technique_common></source><source id="mixamorig_Spine-Matrix-animation-output-transform"><float_array id="mixamorig_Spine-Matrix-animation-output-transform-array" count="304">

0.999525 0.021991 0.021590 0.005100 -0.016965 0.977500 -0.210252 8.712000 -0.025727 0.209786 0.977409 -0.691000 0.000000 0.000000 0.000000 1.000000
0.999984 0.003693 0.004230 0.005100 -0.002790 0.980528 -0.196357 8.712000 -0.004873 0.196342 0.980523 -0.691000 0.000000 0.000000 0.000000 1.000000
0.999788 -0.012711 -0.016168 0.005100 0.009434 0.981995 -0.188670 8.712000 0.018276 0.188477 0.981908 -0.691000 0.000000 0.000000 0.000000 1.000000
0.999131 -0.021895 -0.035456 0.005100 0.015046 0.982995 -0.183015 8.712000 0.038860 0.182323 0.982471 -0.691000 0.000000 0.000000 0.000000 1.000000
0.998485 -0.021930 -0.050459 0.005100 0.012591 0.983869 -0.178449 8.712000 0.053559 0.177543 0.982655 -0.691000 0.000000 0.000000 0.000000 1.000000
0.998350 -0.018363 -0.054404 0.005100 0.008578 0.984549 -0.174897 8.712000 0.056775 0.174142 0.983083 -0.691000 0.000000 0.000000 0.000000 1.000000
0.998941 -0.011349 -0.044590 0.005100 0.003553 0.985237 -0.171159 8.712000 0.045874 0.170820 0.984234 -0.691000 0.000000 0.000000 0.000000 1.000000
0.999648 0.003705 -0.026266 0.005100 -0.008844 0.980086 -0.198379 8.712000 0.025008 0.198541 0.979773 -0.691000 0.000000 0.000000 0.000000 1.000000
0.999529 0.026238 -0.015916 0.005100 -0.029088 0.975328 -0.218835 8.712000 0.009781 0.219195 0.975632 -0.691000 0.000000 0.000000 0.000000 1.000000
0.998743 0.044379 -0.023310 0.005100 -0.048459 0.973758 -0.222368 8.712000 0.012829 0.223218 0.974684 -0.691000 0.000000 0.000000 0.000000 1.000000
0.997841 0.061435 -0.023199 0.005100 -0.065039 0.973380 -0.219777 8.712000 0.009079 0.220812 0.975274 -0.691000 0.000000 0.000000 0.000000 1.000000
0.997175 0.075067 -0.002732 0.005100 -0.073967 0.974925 -0.209881 8.712000 -0.013091 0.209490 0.977723 -0.691000 0.000000 0.000000 0.000000 1.000000
0.996707 0.079346 0.016745 0.005100 -0.075152 0.981360 -0.176873 8.712000 -0.030467 0.175032 0.984091 -0.691000 0.000000 0.000000 0.000000 1.000000
0.996644 0.079593 0.019139 0.005100 -0.076173 0.987315 -0.139310 8.712000 -0.029985 0.137385 0.990064 -0.691000 0.000000 0.000000 0.000000 1.000000
0.997233 0.073861 0.008421 0.005100 -0.072051 0.988202 -0.135151 8.712000 -0.018304 0.134171 0.990789 -0.691000 0.000000 0.000000 0.000000 1.000000
0.998157 0.060564 -0.003844 0.005100 -0.060334 0.983577 -0.170105 8.712000 -0.006522 0.170023 0.985418 -0.691000 0.000000 0.000000 0.000000 1.000000
0.999106 0.041160 -0.009654 0.005100 -0.042270 0.976541 -0.211143 8.712000 0.000737 0.211363 0.977407 -0.691000 0.000000 0.000000 0.000000 1.000000
0.999564 0.029317 -0.003502 0.005100 -0.029367 0.974944 -0.220505 8.712000 -0.003050 0.220511 0.975380 -0.691000 0.000000 0.000000 0.000000 1.000000
0.999525 0.021984 0.021591 0.005100 -0.016958 0.977500 -0.210252 8.712000 -0.025728 0.209786 0.977409 -0.691000 0.000000 0.000000 0.000000 1.000000</float_array><technique_common><accessor source="#mixamorig_Spine-Matrix-animation-output-transform-array" count="19" stride="16"><param type="float4x4"/></accessor></technique_common></source><source id="mixamorig_Spine-Interpolations"><Name_array id="mixamorig_Spine-Interpolations-array" count="19">
 LINEAR LINEAR LINEAR LINEAR LINEAR LINEAR LINEAR LINEAR LINEAR LINEAR LINEAR
LINEAR LINEAR LINEAR LINEAR LINEAR LINEAR LINEAR LINEAR</Name_array><technique_common><accessor source="#mixamorig_Spine-Interpolations-array" count="19"><param type="name"/></accessor></technique_common></source><sampler id="mixamorig_Spine-Matrix-animation-transform"><input semantic="INPUT" source="#mixamorig_Spine-Matrix-animation-input"/><input semantic="OUTPUT" source="#mixamorig_Spine-Matrix-animation-output-transform"/><input semantic="INTERPOLATION" source="#mixamorig_Spine-Interpolations"/></sampler><channel source="#mixamorig_Spine-Matrix-animation-transform" target="mixamorig_Spine/matrix"/></animation>
    <animation id="mixamorig_Spine1-anim" name="mixamorig_Spine1"><source id="mixamorig_Spine1-Matrix-animation-input"><float_array id="mixamorig_Spine1-Matrix-animation-input-array" count="19">

0.000000 0.033333 0.066667 0.100000 0.133333 0.166667 0.200000 0.233333 0.266667 0.300000 0.333333 0.366667 0.400000 0.433333 0.466667 0.500000
0.533333 0.566667 0.600000</float_array><technique_common><accessor source="#mixamorig_Spine1-Matrix-animation-input-array" count="19"><param name="TIME" type="float"/></accessor></technique_common></source><source id="mixamorig_Spine1-Matrix-animation-output-transform"><float_array id="mixamorig_Spine1-Matrix-animation-output-transform-array" count="304">

0.999940 0.008780 0.006575 -0.009200 -0.008517 0.999207 -0.038897 8.660300 -0.006912 0.038838 0.999222 -1.275000 0.000000 0.000000 0.000000 1.000000
0.999956 0.009229 -0.001557 -0.009200 -0.009284 0.999147 -0.040231 8.660300 0.001184 0.040243 0.999189 -1.275000 0.000000 0.000000 0.000000 1.000000
0.999928 0.008144 -0.008855 -0.009200 -0.008506 0.999093 -0.041716 8.660300 0.008508 0.041788 0.999090 -1.275000 0.000000 0.000000 0.000000 1.000000
0.999899 0.007080 -0.012316 -0.009200 -0.007625 0.998970 -0.044735 8.660300 0.011987 0.044824 0.998923 -1.275000 0.000000 0.000000 0.000000 1.000000
0.999897 0.006575 -0.012761 -0.009200 -0.007192 0.998775 -0.048947 8.660300 0.012423 0.049034 0.998720 -1.275000 0.000000 0.000000 0.000000 1.000000
0.999923 0.006516 -0.010599 -0.009200 -0.007060 0.998612 -0.052185 8.660300 0.010245 0.052256 0.998581 -1.275000 0.000000 0.000000 0.000000 1.000000
0.999965 0.006952 -0.004751 -0.009200 -0.007199 0.998512 -0.054061 8.660300 0.004368 0.054093 0.998526 -1.275000 0.000000 0.000000 0.000000 1.000000
0.999964 0.007876 0.003223 -0.009200 -0.007735 0.999092 -0.041893 8.660300 -0.003550 0.041866 0.999117 -1.275000 0.000000 0.000000 0.000000 1.000000
0.999917 0.009311 0.008955 -0.009200 -0.008974 0.999278 -0.036913 8.660300 -0.009292 0.036830 0.999278 -1.275000 0.000000 0.000000 0.000000 1.000000
0.999867 0.011097 0.011983 -0.009200 -0.010640 0.999238 -0.037541 8.660300 -0.012391 0.037409 0.999223 -1.275000 0.000000 0.000000 0.000000 1.000000
0.999811 0.011767 0.015444 -0.009200 -0.011146 0.999150 -0.039681 8.660300 -0.015897 0.039501 0.999093 -1.275000 0.000000 0.000000 0.000000 1.000000
0.999714 0.010481 0.021498 -0.009200 -0.009492 0.998915 -0.045603 8.660300 -0.021952 0.045386 0.998728 -1.275000 0.000000 0.000000 0.000000 1.000000
0.999639 0.006840 0.025981 -0.009200 -0.005195 0.998010 -0.062842 8.660300 -0.026359 0.062684 0.997685 -1.275000 0.000000 0.000000 0.000000 1.000000
0.999699 0.002431 0.024397 -0.009200 -0.000346 0.996370 -0.085127 8.660300 -0.024516 0.085093 0.996071 -1.275000 0.000000 0.000000 0.000000 1.000000
0.999833 -0.000100 0.018293 -0.009200 0.001784 0.995748 -0.092104 8.660300 -0.018206 0.092121 0.995581 -1.275000 0.000000 0.000000 0.000000 1.000000
0.999936 0.000963 0.011311 -0.009200 -0.000106 0.997144 -0.075525 8.660300 -0.011351 0.075519 0.997080 -1.275000 0.000000 0.000000 0.000000 1.000000
0.999973 0.004887 0.005507 -0.009200 -0.004610 0.998778 -0.049216 8.660300 -0.005741 0.049189 0.998773 -1.275000 0.000000 0.000000 0.000000 1.000000
0.999962 0.008102 0.003122 -0.009200 -0.007979 0.999259 -0.037646 8.660300 -0.003425 0.037620 0.999286 -1.275000 0.000000 0.000000 0.000000 1.000000
0.999940 0.008780 0.006575 -0.009200 -0.008517 0.999207 -0.038897 8.660300 -0.006912 0.038838 0.999222 -1.275000 0.000000 0.000000 0.000000 1.000000</float_array><technique_common><accessor source="#mixamorig_Spine1-Matrix-animation-output-transform-array" count="19" stride="16"><param type="float4x4"/></accessor></technique_common></source><source id="mixamorig_Spine1-Interpolations"><Name_array id="mixamorig_Spine1-Interpolations-array" count="19">
 LINEAR LINEAR LINEAR LINEAR LINEAR LINEAR LINEAR LINEAR LINEAR LINEAR LINEAR
LINEAR LINEAR LINEAR LINEAR LINEAR LINEAR LINEAR LINEAR</Name_array><technique_common><accessor source="#mixamorig_Spine1-Interpolations-array" count="19"><param type="name"/></accessor></technique_common></source><sampler id="mixamorig_Spine1-Matrix-animation-transform"><input semantic="INPUT" source="#mixamorig_Spine1-Matrix-animation-input"/><input semantic="OUTPUT" source="#mixamorig_Spine1-Matrix-animation-output-transform"/><input semantic="INTERPOLATION" source="#mixamorig_Spine1-Interpolations"/></sampler><channel source="#mixamorig_Spine1-Matrix-animation-transform" target="mixamorig_Spine1/matrix"/></animation>
    <animation id="mixamorig_Spine2-anim" name="mixamorig_Spine2"><source id="mixamorig_Spine2-Matrix-animation-input"><float_array id="mixamorig_Spine2-Matrix-animation-input-array" count="19">

0.000000 0.033333 0.066667 0.100000 0.133333 0.166667 0.200000 0.233333 0.266667 0.300000 0.333333 0.366667 0.400000 0.433333 0.466667 0.500000
0.533333 0.566667 0.600000</float_array><technique_common><accessor source="#mixamorig_Spine2-Matrix-animation-input-array" count="19"><param name="TIME" type="float"/></accessor></technique_common></source><source id="mixamorig_Spine2-Matrix-animation-output-transform"><float_array id="mixamorig_Spine2-Matrix-animation-output-transform-array" count="304">

0.999937 0.009002 0.006682 0.006300 -0.008736 0.999207 -0.038857 9.852500 -0.007027 0.038796 0.999222 -1.857000 0.000000 0.000000 0.000000 1.000000
0.999956 0.009265 -0.001328 0.006300 -0.009311 0.999147 -0.040243 9.852500 0.000954 0.040253 0.999189 -1.857000 0.000000 0.000000 0.000000 1.000000
0.999936 0.008296 -0.007740 0.006300 -0.008616 0.999070 -0.042241 9.852500 0.007382 0.042305 0.999077 -1.857000 0.000000 0.000000 0.000000 1.000000
0.999919 0.007633 -0.010198 0.006300 -0.008094 0.998914 -0.045894 9.852500 0.009836 0.045973 0.998894 -1.857000 0.000000 0.000000 0.000000 1.000000
0.999911 0.007210 -0.011197 0.006300 -0.007758 0.998733 -0.049728 9.852500 0.010825 0.049811 0.998700 -1.857000 0.000000 0.000000 0.000000 1.000000
0.999924 0.007285 -0.009901 0.006300 -0.007792 0.998610 -0.052137 9.852500 0.009507 0.052210 0.998591 -1.857000 0.000000 0.000000 0.000000 1.000000
0.999955 0.008330 -0.004434 0.006300 -0.008552 0.998575 -0.052679 9.852500 0.003989 0.052715 0.998602 -1.857000 0.000000 0.000000 0.000000 1.000000
0.999951 0.009228 0.003588 0.006300 -0.009073 0.999112 -0.041156 9.852500 -0.003965 0.041122 0.999146 -1.857000 0.000000 0.000000 0.000000 1.000000
0.999901 0.010063 0.009838 0.006300 -0.009681 0.999227 -0.038102 9.852500 -0.010214 0.038003 0.999225 -1.857000 0.000000 0.000000 0.000000 1.000000
0.999827 0.012312 0.013966 0.006300 -0.011771 0.999201 -0.038194 9.852500 -0.014425 0.038023 0.999173 -1.857000 0.000000 0.000000 0.000000 1.000000
0.999747 0.013242 0.018160 0.006300 -0.012512 0.999132 -0.039726 9.852500 -0.018670 0.039489 0.999046 -1.857000 0.000000 0.000000 0.000000 1.000000
0.999671 0.011326 0.023019 0.006300 -0.010270 0.998913 -0.045476 9.852500 -0.023509 0.045225 0.998700 -1.857000 0.000000 0.000000 0.000000 1.000000
0.999623 0.006942 0.026556 0.006300 -0.005268 0.998025 -0.062595 9.852500 -0.026938 0.062431 0.997686 -1.857000 0.000000 0.000000 0.000000 1.000000
0.999680 0.002096 0.025197 0.006300 0.000048 0.996397 -0.084806 9.852500 -0.025284 0.084780 0.996079 -1.857000 0.000000 0.000000 0.000000 1.000000
0.999813 -0.000451 0.019312 0.006300 0.002223 0.995773 -0.091817 9.852500 -0.019189 0.091843 0.995589 -1.857000 0.000000 0.000000 0.000000 1.000000
0.999927 0.000858 0.012027 0.006300 0.000051 0.997156 -0.075360 9.852500 -0.012058 0.075355 0.997084 -1.857000 0.000000 0.000000 0.000000 1.000000
0.999971 0.005005 0.005734 0.006300 -0.004717 0.998780 -0.049165 9.852500 -0.005973 0.049137 0.998774 -1.857000 0.000000 0.000000 0.000000 1.000000
0.999961 0.008259 0.003169 0.006300 -0.008134 0.999259 -0.037631 9.852500 -0.003477 0.037603 0.999287 -1.857000 0.000000 0.000000 0.000000 1.000000
0.999937 0.009002 0.006682 0.006300 -0.008736 0.999207 -0.038857 9.852500 -0.007027 0.038796 0.999222 -1.857000 0.000000 0.000000 0.000000 1.000000</float_array><technique_common><accessor source="#mixamorig_Spine2-Matrix-animation-output-transform-array" count="19" stride="16"><param type="float4x4"/></accessor></technique_common></source><source id="mixamorig_Spine2-Interpolations"><Name_array id="mixamorig_Spine2-Interpolations-array" count="19">
 LINEAR LINEAR LINEAR LINEAR LINEAR LINEAR LINEAR LINEAR LINEAR LINEAR LINEAR
LINEAR LINEAR LINEAR LINEAR LINEAR LINEAR LINEAR LINEAR</Name_array><technique_common><accessor source="#mixamorig_Spine2-Interpolations-array" count="19"><param type="name"/></accessor></technique_common></source><sampler id="mixamorig_Spine2-Matrix-animation-transform"><input semantic="INPUT" source="#mixamorig_Spine2-Matrix-animation-input"/><input semantic="OUTPUT" source="#mixamorig_Spine2-Matrix-animation-output-transform"/><input semantic="INTERPOLATION" source="#mixamorig_Spine2-Interpolations"/></sampler><channel source="#mixamorig_Spine2-Matrix-animation-transform" target="mixamorig_Spine2/matrix"/></animation>
    <animation id="mixamorig_Neck-anim" name="mixamorig_Neck"><source id="mixamorig_Neck-Matrix-animation-input"><float_array id="mixamorig_Neck-Matrix-animation-input-array" count="19">

0.000000 0.033333 0.066667 0.100000 0.133333 0.166667 0.200000 0.233333 0.266667 0.300000 0.333333 0.366667 0.400000 0.433333 0.466667 0.500000
0.533333 0.566667 0.600000</float_array><technique_common><accessor source="#mixamorig_Neck-Matrix-animation-input-array" count="19"><param name="TIME" type="float"/></accessor></technique_common></source><source id="mixamorig_Neck-Matrix-animation-output-transform"><float_array id="mixamorig_Neck-Matrix-animation-output-transform-array" count="304">

0.999769 -0.002178 -0.021386 0.016300 0.001649 0.999693 -0.024722 11.420800 0.021433 0.024681 0.999466 -0.263300 0.000000 0.000000 0.000000 1.000000
0.999865 -0.000930 -0.016406 0.016300 0.000562 0.999749 -0.022378 11.420800 0.016423 0.022366 0.999615 -0.263300 0.000000 0.000000 0.000000 1.000000
0.999923 -0.001860 -0.012242 0.016300 0.001576 0.999731 -0.023159 11.420800 0.012282 0.023138 0.999657 -0.263300 0.000000 0.000000 0.000000 1.000000
0.999946 -0.004392 -0.009379 0.016300 0.004184 0.999747 -0.022096 11.420800 0.009474 0.022055 0.999712 -0.263300 0.000000 0.000000 0.000000 1.000000
0.999936 -0.007671 -0.008330 0.016300 0.007501 0.999768 -0.020177 11.420800 0.008483 0.020113 0.999762 -0.263300 0.000000 0.000000 0.000000 1.000000
0.999902 -0.010439 -0.009331 0.016300 0.010257 0.999761 -0.019306 11.420800 0.009531 0.019208 0.999770 -0.263300 0.000000 0.000000 0.000000 1.000000
0.999870 -0.012268 -0.010485 0.016300 0.012061 0.999736 -0.019539 11.420800 0.010722 0.019410 0.999754 -0.263300 0.000000 0.000000 0.000000 1.000000
0.999871 -0.011469 -0.011280 0.016300 0.011231 0.999718 -0.020902 11.420800 0.011516 0.020773 0.999718 -0.263300 0.000000 0.000000 0.000000 1.000000
0.999878 -0.010288 -0.011738 0.016300 0.010034 0.999719 -0.021475 11.420800 0.011956 0.021355 0.999700 -0.263300 0.000000 0.000000 0.000000 1.000000
0.999831 -0.012307 -0.013641 0.016300 0.012016 0.999702 -0.021253 11.420800 0.013899 0.021086 0.999681 -0.263300 0.000000 0.000000 0.000000 1.000000
0.999696 -0.012527 -0.021214 0.016300 0.012050 0.999675 -0.022484 11.420800 0.021489 0.022222 0.999522 -0.263300 0.000000 0.000000 0.000000 1.000000
0.999553 -0.011828 -0.027441 0.016300 0.011169 0.999649 -0.024040 11.420800 0.027716 0.023723 0.999334 -0.263300 0.000000 0.000000 0.000000 1.000000
0.999617 -0.010164 -0.025752 0.016300 0.009504 0.999627 -0.025607 11.420800 0.026003 0.025353 0.999340 -0.263300 0.000000 0.000000 0.000000 1.000000
0.999819 -0.007762 -0.017371 0.016300 0.007287 0.999603 -0.027200 11.420800 0.017575 0.027068 0.999479 -0.263300 0.000000 0.000000 0.000000 1.000000
0.999948 -0.005299 -0.008717 0.016300 0.005049 0.999583 -0.028431 11.420800 0.008864 0.028385 0.999558 -0.263300 0.000000 0.000000 0.000000 1.000000
0.999973 -0.003609 -0.006346 0.016300 0.003426 0.999585 -0.028610 11.420800 0.006447 0.028587 0.999571 -0.263300 0.000000 0.000000 0.000000 1.000000
0.999946 -0.002803 -0.010043 0.016300 0.002525 0.999614 -0.027664 11.420800 0.010116 0.027637 0.999567 -0.263300 0.000000 0.000000 0.000000 1.000000
0.999867 -0.002467 -0.016110 0.016300 0.002045 0.999656 -0.026157 11.420800 0.016169 0.026121 0.999528 -0.263300 0.000000 0.000000 0.000000 1.000000
0.999769 -0.002178 -0.021386 0.016300 0.001649 0.999693 -0.024722 11.420800 0.021433 0.024681 0.999466 -0.263300 0.000000 0.000000 0.000000 1.000000</float_array><technique_common><accessor source="#mixamorig_Neck-Matrix-animation-output-transform-array" count="19" stride="16"><param type="float4x4"/></accessor></technique_common></source><source id="mixamorig_Neck-Interpolations"><Name_array id="mixamorig_Neck-Interpolations-array" count="19">
 LINEAR LINEAR LINEAR LINEAR LINEAR LINEAR LINEAR LINEAR LINEAR LINEAR LINEAR
LINEAR LINEAR LINEAR LINEAR LINEAR LINEAR LINEAR LINEAR</Name_array><technique_common><accessor source="#mixamorig_Neck-Interpolations-array" count="19"><param type="name"/></accessor></technique_common></source><sampler id="mixamorig_Neck-Matrix-animation-transform"><input semantic="INPUT" source="#mixamorig_Neck-Matrix-animation-input"/><input semantic="OUTPUT" source="#mixamorig_Neck-Matrix-animation-output-transform"/><input semantic="INTERPOLATION" source="#mixamorig_Neck-Interpolations"/></sampler><channel source="#mixamorig_Neck-Matrix-animation-transform" target="mixamorig_Neck/matrix"/></animation>
    <animation id="mixamorig_Head-anim" name="mixamorig_Head"><source id="mixamorig_Head-Matrix-animation-input"><float_array id="mixamorig_Head-Matrix-animation-input-array" count="19">

0.000000 0.033333 0.066667 0.100000 0.133333 0.166667 0.200000 0.233333 0.266667 0.300000 0.333333 0.366667 0.400000 0.433333 0.466667 0.500000
0.533333 0.566667 0.600000</float_array><technique_common><accessor source="#mixamorig_Head-Matrix-animation-input-array" count="19"><param name="TIME" type="float"/></accessor></technique_common></source><source id="mixamorig_Head-Matrix-animation-output-transform"><float_array id="mixamorig_Head-Matrix-animation-output-transform-array" count="304">

0.972228 -0.047166 -0.229232 -0.019200 0.064832 0.995427 0.070152 9.262400 0.224875 -0.083066 0.970841 2.362500 0.000000 0.000000 0.000000 1.000000
0.981635 -0.044804 -0.185431 -0.019200 0.059578 0.995411 0.074881 9.262400 0.181225 -0.084553 0.979800 2.362500 0.000000 0.000000 0.000000 1.000000
0.988150 -0.040596 -0.148025 -0.019200 0.052436 0.995653 0.076978 9.262400 0.144256 -0.083827 0.985983 2.362500 0.000000 0.000000 0.000000 1.000000
0.991484 -0.040842 -0.123658 -0.019200 0.049249 0.996623 0.065711 9.262400 0.120557 -0.071241 0.990147 2.362500 0.000000 0.000000 0.000000 1.000000
0.992514 -0.049144 -0.111804 -0.019200 0.056805 0.996175 0.066394 9.262400 0.108113 -0.072248 0.991510 2.362500 0.000000 0.000000 0.000000 1.000000
0.992927 -0.056267 -0.104549 -0.019200 0.065813 0.993745 0.090223 9.262400 0.098819 -0.096465 0.990419 2.362500 0.000000 0.000000 0.000000 1.000000
0.993621 -0.057740 -0.096865 -0.019200 0.068317 0.991616 0.109687 9.262400 0.089719 -0.115605 0.989235 2.362500 0.000000 0.000000 0.000000 1.000000
0.994290 -0.053570 -0.092291 -0.019200 0.062930 0.992824 0.101689 9.262400 0.086181 -0.106916 0.990526 2.362500 0.000000 0.000000 0.000000 1.000000
0.993978 -0.048342 -0.098335 -0.019200 0.056024 0.995462 0.076923 9.262400 0.094171 -0.081968 0.992176 2.362500 0.000000 0.000000 0.000000 1.000000
0.991361 -0.050528 -0.121035 -0.019200 0.059248 0.995817 0.069556 9.262400 0.117014 -0.076127 0.990208 2.362500 0.000000 0.000000 0.000000 1.000000
0.984459 -0.058901 -0.165441 -0.019200 0.069599 0.995792 0.059623 9.262400 0.161233 -0.070211 0.984416 2.362500 0.000000 0.000000 0.000000 1.000000
0.976212 -0.065574 -0.206666 -0.019200 0.078111 0.995530 0.053089 9.262400 0.202261 -0.067969 0.976970 2.362500 0.000000 0.000000 0.000000 1.000000
0.971750 -0.064389 -0.227060 -0.019200 0.079633 0.995099 0.058618 9.262400 0.222173 -0.075044 0.972115 2.362500 0.000000 0.000000 0.000000 1.000000
0.971574 -0.057148 -0.229735 -0.019200 0.076031 0.994341 0.074195 9.262400 0.224195 -0.089553 0.970421 2.362500 0.000000 0.000000 0.000000 1.000000
0.972921 -0.049086 -0.225865 -0.019200 0.070990 0.993418 0.089899 9.262400 0.219966 -0.103499 0.970002 2.362500 0.000000 0.000000 0.000000 1.000000
0.973298 -0.044789 -0.225134 -0.019200 0.067728 0.993150 0.095220 9.262400 0.219327 -0.107925 0.969664 2.362500 0.000000 0.000000 0.000000 1.000000
0.972885 -0.044327 -0.227001 -0.019200 0.066255 0.993744 0.089905 9.262400 0.221596 -0.102507 0.969736 2.362500 0.000000 0.000000 0.000000 1.000000
0.972450 -0.045717 -0.228584 -0.019200 0.065504 0.994661 0.079738 9.262400 0.223718 -0.092514 0.970253 2.362500 0.000000 0.000000 0.000000 1.000000
0.972228 -0.047166 -0.229232 -0.019200 0.064832 0.995427 0.070152 9.262400 0.224875 -0.083066 0.970841 2.362500 0.000000 0.000000 0.000000 1.000000</float_array><technique_common><accessor source="#mixamorig_Head-Matrix-animation-output-transform-array" count="19" stride="16"><param type="float4x4"/></accessor></technique_common></source><source id="mixamorig_Head-Interpolations"><Name_array id="mixamorig_Head-Interpolations-array" count="19">
 LINEAR LINEAR LINEAR LINEAR LINEAR LINEAR LINEAR LINEAR LINEAR LINEAR LINEAR
LINEAR LINEAR LINEAR LINEAR LINEAR LINEAR LINEAR LINEAR</Name_array><technique_common><accessor source="#mixamorig_Head-Interpolations-array" count="19"><param type="name"/></accessor></technique_common></source><sampler id="mixamorig_Head-Matrix-animation-transform"><input semantic="INPUT" source="#mixamorig_Head-Matrix-animation-input"/><input semantic="OUTPUT" source="#mixamorig_Head-Matrix-animation-output-transform"/><input semantic="INTERPOLATION" source="#mixamorig_Head-Interpolations"/></sampler><channel source="#mixamorig_Head-Matrix-animation-transform" target="mixamorig_Head/matrix"/></animation>
    <animation id="mixamorig_LeftShoulder-anim" name="mixamorig_LeftShoulder"><source id="mixamorig_LeftShoulder-Matrix-animation-input"><float_array id="mixamorig_LeftShoulder-Matrix-animation-input-array" count="19">

0.000000 0.033333 0.066667 0.100000 0.133333 0.166667 0.200000 0.233333 0.266667 0.300000 0.333333 0.366667 0.400000 0.433333 0.466667 0.500000
0.533333 0.566667 0.600000</float_array><technique_common><accessor source="#mixamorig_LeftShoulder-Matrix-animation-input-array" count="19"><param name="TIME" type="float"/></accessor></technique_common></source><source id="mixamorig_LeftShoulder-Matrix-animation-output-transform"><float_array id="mixamorig_LeftShoulder-Matrix-animation-output-transform-array" count="304">

0.967285 0.154926 -0.200890 5.616900 -0.164050 0.986011 -0.029490 6.732200 0.193511 0.061482 0.979170 -0.345700 0.000000 0.000000 0.000000 1.000000
0.972695 0.151133 -0.176132 5.616900 -0.159046 0.986764 -0.031630 6.732200 0.169020 0.058779 0.983858 -0.345700 0.000000 0.000000 0.000000 1.000000
0.970875 0.155694 -0.182105 5.616900 -0.163924 0.985987 -0.030961 6.732200 0.174732 0.059911 0.982792 -0.345700 0.000000 0.000000 0.000000 1.000000
0.964156 0.163408 -0.209047 5.616900 -0.172999 0.984515 -0.028318 6.732200 0.201182 0.063467 0.977496 -0.345700 0.000000 0.000000 0.000000 1.000000
0.963056 0.153493 -0.221276 5.616900 -0.163595 0.986131 -0.027957 6.732200 0.213916 0.063124 0.974810 -0.345700 0.000000 0.000000 0.000000 1.000000
0.959869 0.160277 -0.230135 5.616900 -0.170869 0.984931 -0.026723 6.732200 0.222384 0.064974 0.972792 -0.345700 0.000000 0.000000 0.000000 1.000000
0.959613 0.176340 -0.219199 5.616900 -0.186542 0.982087 -0.026584 6.732200 0.210585 0.066400 0.975318 -0.345700 0.000000 0.000000 0.000000 1.000000
0.966894 0.169458 -0.190788 5.616900 -0.178221 0.983545 -0.029617 6.732200 0.182629 0.062639 0.981184 -0.345700 0.000000 0.000000 0.000000 1.000000
0.969913 0.156605 -0.186398 5.616900 -0.165061 0.985807 -0.030648 6.732200 0.178953 0.060493 0.981996 -0.345700 0.000000 0.000000 0.000000 1.000000
0.974016 0.116291 -0.194343 5.616900 -0.124796 0.991664 -0.032069 6.732200 0.188993 0.055489 0.980409 -0.345700 0.000000 0.000000 0.000000 1.000000
0.973475 0.111579 -0.199743 5.616900 -0.120285 0.992225 -0.031956 6.732200 0.194625 0.055135 0.979327 -0.345700 0.000000 0.000000 0.000000 1.000000
0.972487 0.117813 -0.200973 5.616900 -0.126623 0.991450 -0.031517 6.732200 0.195541 0.056098 0.979090 -0.345700 0.000000 0.000000 0.000000 1.000000
0.974279 0.116090 -0.193143 5.616900 -0.124525 0.991698 -0.032079 6.732200 0.187815 0.055305 0.980646 -0.345700 0.000000 0.000000 0.000000 1.000000
0.972184 0.115165 -0.203950 5.616900 -0.124074 0.991776 -0.031406 6.732200 0.198656 0.055837 0.978477 -0.345700 0.000000 0.000000 0.000000 1.000000
0.965983 0.132457 -0.222106 5.616900 -0.142358 0.989387 -0.029105 6.732200 0.215894 0.059734 0.974588 -0.345700 0.000000 0.000000 0.000000 1.000000
0.960663 0.150807 -0.233206 5.616900 -0.161416 0.986518 -0.026983 6.732200 0.225992 0.063565 0.972053 -0.345700 0.000000 0.000000 0.000000 1.000000
0.961465 0.151756 -0.229250 5.616900 -0.162184 0.986384 -0.027238 6.732200 0.221995 0.063369 0.972986 -0.345700 0.000000 0.000000 0.000000 1.000000
0.964913 0.148373 -0.216630 5.616900 -0.158169 0.987000 -0.028505 6.732200 0.209585 0.061769 0.975838 -0.345700 0.000000 0.000000 0.000000 1.000000
0.967285 0.154926 -0.200890 5.616900 -0.164050 0.986011 -0.029490 6.732200 0.193511 0.061482 0.979170 -0.345700 0.000000 0.000000 0.000000 1.000000</float_array><technique_common><accessor source="#mixamorig_LeftShoulder-Matrix-animation-output-transform-array" count="19" stride="16"><param type="float4x4"/></accessor></technique_common></source><source id="mixamorig_LeftShoulder-Interpolations"><Name_array id="mixamorig_LeftShoulder-Interpolations-array" count="19">
 LINEAR LINEAR LINEAR LINEAR LINEAR LINEAR LINEAR LINEAR LINEAR LINEAR LINEAR
LINEAR LINEAR LINEAR LINEAR LINEAR LINEAR LINEAR LINEAR</Name_array><technique_common><accessor source="#mixamorig_LeftShoulder-Interpolations-array" count="19"><param type="name"/></accessor></technique_common></source><sampler id="mixamorig_LeftShoulder-Matrix-animation-transform"><input semantic="INPUT" source="#mixamorig_LeftShoulder-Matrix-animation-input"/><input semantic="OUTPUT" source="#mixamorig_LeftShoulder-Matrix-animation-output-transform"/><input semantic="INTERPOLATION" source="#mixamorig_LeftShoulder-Interpolations"/></sampler><channel source="#mixamorig_LeftShoulder-Matrix-animation-transform" target="mixamorig_LeftShoulder/matrix"/></animation>
    <animation id="mixamorig_LeftArm-anim" name="mixamorig_LeftArm"><source id="mixamorig_LeftArm-Matrix-animation-input"><float_array id="mixamorig_LeftArm-Matrix-animation-input-array" count="19">

0.000000 0.033333 0.066667 0.100000 0.133333 0.166667 0.200000 0.233333 0.266667 0.300000 0.333333 0.366667 0.400000 0.433333 0.466667 0.500000
0.533333 0.566667 0.600000</float_array><technique_common><accessor source="#mixamorig_LeftArm-Matrix-animation-input-array" count="19"><param name="TIME" type="float"/></accessor></technique_common></source><source id="mixamorig_LeftArm-Matrix-animation-output-transform"><float_array id="mixamorig_LeftArm-Matrix-animation-output-transform-array" count="304">

0.649159 0.718241 -0.250446 10.664800 -0.705832 0.691517 0.153641 -0.188500 0.283539 0.077036 0.955861 -2.440700 0.000000 0.000000 0.000000 1.000000
0.636763 0.708941 -0.303209 10.664800 -0.698238 0.696991 0.163301 -0.188500 0.327104 0.107728 0.938828 -2.440700 0.000000 0.000000 0.000000 1.000000
0.630740 0.714127 -0.303627 10.664800 -0.699099 0.692753 0.177072 -0.188500 0.336791 0.100579 0.936192 -2.440700 0.000000 0.000000 0.000000 1.000000
0.637663 0.719697 -0.274631 10.664800 -0.699680 0.690267 0.184332 -0.188500 0.322232 0.074612 0.943716 -2.440700 0.000000 0.000000 0.000000 1.000000
0.633881 0.729599 -0.256671 10.664800 -0.708583 0.680840 0.185383 -0.188500 0.310007 0.064362 0.948553 -2.440700 0.000000 0.000000 0.000000 1.000000
0.646493 0.727178 -0.230778 10.664800 -0.704385 0.685127 0.185586 -0.188500 0.293066 0.042577 0.955144 -2.440700 0.000000 0.000000 0.000000 1.000000
0.653910 0.720273 -0.231536 10.664800 -0.692417 0.693076 0.200509 -0.188500 0.304893 0.029205 0.951939 -2.440700 0.000000 0.000000 0.000000 1.000000
0.628237 0.742192 -0.233388 10.664800 -0.706028 0.669876 0.229761 -0.188500 0.326868 0.020434 0.944849 -2.440700 0.000000 0.000000 0.000000 1.000000
0.623121 0.760848 -0.181194 10.664800 -0.725222 0.648816 0.230413 -0.188500 0.292871 -0.012169 0.956075 -2.440700 0.000000 0.000000 0.000000 1.000000
0.603159 0.789289 -0.114989 10.664800 -0.766076 0.613396 0.192021 -0.188500 0.222094 -0.027729 0.974631 -2.440700 0.000000 0.000000 0.000000 1.000000
0.628394 0.772513 -0.091347 10.664800 -0.759544 0.634681 0.142383 -0.188500 0.167969 -0.020090 0.985587 -2.440700 0.000000 0.000000 0.000000 1.000000
0.638405 0.764469 -0.089583 10.664800 -0.753860 0.644508 0.127687 -0.188500 0.155350 -0.013983 0.987761 -2.440700 0.000000 0.000000 0.000000 1.000000
0.653036 0.747168 -0.123633 10.664800 -0.738971 0.664384 0.111879 -0.188500 0.165732 0.018300 0.986001 -2.440700 0.000000 0.000000 0.000000 1.000000
0.656060 0.746880 -0.108421 10.664800 -0.739153 0.664890 0.107585 -0.188500 0.152441 0.009558 0.988266 -2.440700 0.000000 0.000000 0.000000 1.000000
0.674428 0.733211 -0.086886 10.664800 -0.726273 0.679984 0.100743 -0.188500 0.132947 -0.004841 0.991111 -2.440700 0.000000 0.000000 0.000000 1.000000
0.683170 0.723949 -0.095790 10.664800 -0.716324 0.689847 0.104839 -0.188500 0.141979 -0.003006 0.989865 -2.440700 0.000000 0.000000 0.000000 1.000000
0.665251 0.733314 -0.140327 10.664800 -0.722064 0.679712 0.128899 -0.188500 0.189905 0.015574 0.981679 -2.440700 0.000000 0.000000 0.000000 1.000000
0.659078 0.723486 -0.205388 10.664800 -0.711207 0.688370 0.142586 -0.188500 0.244542 0.052099 0.968238 -2.440700 0.000000 0.000000 0.000000 1.000000
0.650527 0.716476 -0.251946 10.664800 -0.704520 0.693180 0.152165 -0.188500 0.283667 0.078514 0.955703 -2.440700 0.000000 0.000000 0.000000 1.000000</float_array><technique_common><accessor source="#mixamorig_LeftArm-Matrix-animation-output-transform-array" count="19" stride="16"><param type="float4x4"/></accessor></technique_common></source><source id="mixamorig_LeftArm-Interpolations"><Name_array id="mixamorig_LeftArm-Interpolations-array" count="19">
 LINEAR LINEAR LINEAR LINEAR LINEAR LINEAR LINEAR LINEAR LINEAR LINEAR LINEAR
LINEAR LINEAR LINEAR LINEAR LINEAR LINEAR LINEAR LINEAR</Name_array><technique_common><accessor source="#mixamorig_LeftArm-Interpolations-array" count="19"><param type="name"/></accessor></technique_common></source><sampler id="mixamorig_LeftArm-Matrix-animation-transform"><input semantic="INPUT" source="#mixamorig_LeftArm-Matrix-animation-input"/><input semantic="OUTPUT" source="#mixamorig_LeftArm-Matrix-animation-output-transform"/><input semantic="INTERPOLATION" source="#mixamorig_LeftArm-Interpolations"/></sampler><channel source="#mixamorig_LeftArm-Matrix-animation-transform" target="mixamorig_LeftArm/matrix"/></animation>
    <animation id="mixamorig_LeftForeArm-anim" name="mixamorig_LeftForeArm"><source id="mixamorig_LeftForeArm-Matrix-animation-input"><float_array id="mixamorig_LeftForeArm-Matrix-animation-input-array" count="19">

0.000000 0.033333 0.066667 0.100000 0.133333 0.166667 0.200000 0.233333 0.266667 0.300000 0.333333 0.366667 0.400000 0.433333 0.466667 0.500000
0.533333 0.566667 0.600000</float_array><technique_common><accessor source="#mixamorig_LeftForeArm-Matrix-animation-input-array" count="19"><param name="TIME" type="float"/></accessor></technique_common></source><source id="mixamorig_LeftForeArm-Matrix-animation-output-transform"><float_array id="mixamorig_LeftForeArm-Matrix-animation-output-transform-array" count="304">

0.069896 -0.011532 -0.997488 27.383600 0.015100 0.999831 -0.010501 0.285000 0.997440 -0.014328 0.070058 -2.015100 0.000000 0.000000 0.000000 1.000000
0.109946 -0.012121 -0.993864 27.383600 0.015517 0.999825 -0.010477 0.285000 0.993816 -0.014270 0.110115 -2.015100 0.000000 0.000000 0.000000 1.000000
0.128730 -0.012400 -0.991602 27.383600 0.015713 0.999822 -0.010463 0.285000 0.991555 -0.014234 0.128902 -2.015100 0.000000 0.000000 0.000000 1.000000
0.129592 -0.012412 -0.991490 27.383600 0.015722 0.999822 -0.010461 0.285000 0.991443 -0.014233 0.129764 -2.015100 0.000000 0.000000 0.000000 1.000000
0.141558 -0.012589 -0.989850 27.383600 0.015847 0.999820 -0.010450 0.285000 0.989803 -0.014207 0.141732 -2.015100 0.000000 0.000000 0.000000 1.000000
0.138305 -0.012540 -0.990310 27.383600 0.015813 0.999820 -0.010452 0.285000 0.990263 -0.014214 0.138478 -2.015100 0.000000 0.000000 0.000000 1.000000
0.145289 -0.012644 -0.989308 27.383600 0.015886 0.999819 -0.010445 0.285000 0.989262 -0.014198 0.145464 -2.015100 0.000000 0.000000 0.000000 1.000000
0.151933 -0.012742 -0.988309 27.383600 0.015955 0.999818 -0.010437 0.285000 0.988262 -0.014183 0.152109 -2.015100 0.000000 0.000000 0.000000 1.000000
0.114249 -0.012186 -0.993377 27.383600 0.015562 0.999824 -0.010475 0.285000 0.993330 -0.014262 0.114418 -2.015100 0.000000 0.000000 0.000000 1.000000
0.054644 -0.011303 -0.998442 27.383600 0.014941 0.999833 -0.010501 0.285000 0.998394 -0.014344 0.054804 -2.015100 0.000000 0.000000 0.000000 1.000000
-0.016471 -0.010254 -0.999812 27.383600 0.014203 0.999844 -0.010488 0.285000 0.999763 -0.014373 -0.016323 -2.015100 0.000000 0.000000 0.000000 1.000000
-0.050738 -0.009747 -0.998664 27.383600 0.013848 0.999849 -0.010462 0.285000 0.998616 -0.014360 -0.050596 -2.015100 0.000000 0.000000 0.000000 1.000000
-0.070219 -0.009460 -0.997487 27.383600 0.013646 0.999852 -0.010443 0.285000 0.997438 -0.014345 -0.070079 -2.015100 0.000000 0.000000 0.000000 1.000000
-0.103605 -0.008966 -0.994578 27.383600 0.013301 0.999857 -0.010399 0.285000 0.994530 -0.014306 -0.103471 -2.015100 0.000000 0.000000 0.000000 1.000000
-0.134642 -0.008506 -0.990858 27.383600 0.012980 0.999862 -0.010347 0.285000 0.990809 -0.014255 -0.134513 -2.015100 0.000000 0.000000 0.000000 1.000000
-0.125814 -0.008637 -0.992016 27.383600 0.013071 0.999861 -0.010363 0.285000 0.991968 -0.014270 -0.125684 -2.015100 0.000000 0.000000 0.000000 1.000000
