<?xml version="1.0" encoding="utf-8"?>
<COLLADA xmlns="http://www.collada.org/2005/11/COLLADASchema" version="1.4.1">
  <asset><contributor><author>Mixamo</author><authoring_tool>COLLADA Mixamo exporter</authoring_tool><comments></comments></contributor><created>2018-10-28T17:40:38Z</created><modified>2018-10-28T17:40:38Z</modified><revision></revision><title></title><unit meter="0.010000"/><up_axis>Y_UP</up_axis></asset>
  <library_animations>
    <animation id="mixamorig_Hips-anim" name="mixamorig_Hips"><source id="mixamorig_Hips-Matrix-animation-input"><float_array id="mixamorig_Hips-Matrix-animation-input-array" count="36">

0.000000 0.033333 0.066667 0.100000 0.133333 0.166667 0.200000 0.233333 0.266667 0.300000 0.333333 0.366667 0.400000 0.433333 0.466667 0.500000
0.533333 0.566667 0.600000 0.633333 0.666667 0.700000 0.733333 0.766667 0.800000 0.833333 0.866667 0.900000 0.933333 0.966667 1.000000 1.033333
1.066667 1.100000 1.133333 1.166667</float_array><technique_common><accessor source="#mixamorig_Hips-Matrix-animation-input-array" count="36"><param name="TIME" type="float"/></accessor></technique_common></source><source id="mixamorig_Hips-Matrix-animation-output-transform"><float_array id="mixamorig_Hips-Matrix-animation-output-transform-array" count="576">

0.766538 0.126858 -0.629544 -0.539396 0.024466 0.973815 0.226022 100.152130 0.641732 -0.188657 0.743363 0.541010 0.000000 0.000000 0.000000 1.000000
0.766509 0.126661 -0.629619 -0.531723 0.024446 0.973895 0.225680 100.145226 0.641768 -0.188378 0.743403 0.535878 0.000000 0.000000 0.000000 1.000000
0.766345 0.126720 -0.629807 -0.526949 0.024299 0.973934 0.225526 100.137566 0.641969 -0.188134 0.743291 0.527047 0.000000 0.000000 0.000000 1.000000
0.766059 0.127044 -0.630090 -0.529383 0.024046 0.973922 0.225605 100.129448 0.642320 -0.187978 0.743027 0.516853 0.000000 0.000000 0.000000 1.000000
0.765735 0.127518 -0.630388 -0.543419 0.023768 0.973867 0.225870 100.122490 0.642716 -0.187940 0.742694 0.509954 0.000000 0.000000 0.000000 1.000000
0.765326 0.128060 -0.630774 -0.570739 0.023657 0.973748 0.226394 100.117310 0.643208 -0.188188 0.742206 0.512012 0.000000 0.000000 0.000000 1.000000
0.764686 0.128692 -0.631422 -0.610282 0.024096 0.973460 0.227585 100.112152 0.643952 -0.189246 0.741290 0.527053 0.000000 0.000000 0.000000 1.000000
0.763635 0.129404 -0.632548 -0.661167 0.025560 0.972882 0.229885 100.106590 0.645142 -0.191716 0.739619 0.551133 0.000000 0.000000 0.000000 1.000000
0.762029 0.130008 -0.634358 -0.721821 0.028321 0.972010 0.233228 100.107147 0.646924 -0.195692 0.737017 0.568696 0.000000 0.000000 0.000000 1.000000
0.760214 0.130325 -0.636466 -0.785273 0.032063 0.970953 0.237112 100.124725 0.648881 -0.200663 0.733954 0.557095 0.000000 0.000000 0.000000 1.000000
0.759180 0.130454 -0.637674 -0.840634 0.035854 0.969840 0.241093 100.163406 0.649893 -0.205896 0.731605 0.496851 0.000000 0.000000 0.000000 1.000000
0.759745 0.130629 -0.636964 -0.880526 0.038752 0.968774 0.244900 100.211998 0.649065 -0.210745 0.730959 0.383925 0.000000 0.000000 0.000000 1.000000
0.761837 0.130868 -0.634412 -0.905342 0.040374 0.967883 0.248139 100.249382 0.646510 -0.214655 0.732085 0.235693 0.000000 0.000000 0.000000 1.000000
0.764709 0.130948 -0.630930 -0.919550 0.040805 0.967328 0.250224 100.261719 0.643082 -0.217094 0.734381 0.080255 0.000000 0.000000 0.000000 1.000000
0.767579 0.130759 -0.627474 -0.926108 0.040231 0.967210 0.250771 100.251160 0.639690 -0.217731 0.737150 -0.061345 0.000000 0.000000 0.000000 1.000000
0.770043 0.130476 -0.624508 -0.925384 0.038812 0.967471 0.249986 100.227692 0.636811 -0.216738 0.739930 -0.179863 0.000000 0.000000 0.000000 1.000000
0.772126 0.130296 -0.621968 -0.916226 0.036796 0.967945 0.248454 100.197586 0.634403 -0.214724 0.742581 -0.271300 0.000000 0.000000 0.000000 1.000000
0.774009 0.130183 -0.619647 -0.897742 0.034584 0.968482 0.246670 100.163940 0.632229 -0.212354 0.745112 -0.334669 0.000000 0.000000 0.000000 1.000000
0.775737 0.129996 -0.617522 -0.872352 0.032597 0.968992 0.244934 100.133377 0.630214 -0.210133 0.747445 -0.373857 0.000000 0.000000 0.000000 1.000000
0.777213 0.129664 -0.615733 -0.845303 0.031125 0.969418 0.243432 100.114525 0.628467 -0.208363 0.749409 -0.394456 0.000000 0.000000 0.000000 1.000000
0.778326 0.129181 -0.614428 -0.819895 0.030222 0.969762 0.242172 100.110321 0.627133 -0.207059 0.750887 -0.397680 0.000000 0.000000 0.000000 1.000000
0.778954 0.128633 -0.613746 -0.795741 0.029647 0.970086 0.240944 100.116234 0.626380 -0.205880 0.751839 -0.379207 0.000000 0.000000 0.000000 1.000000
0.778927 0.128184 -0.613874 -0.771662 0.029039 0.970464 0.239491 100.125351 0.626442 -0.204372 0.752199 -0.333945 0.000000 0.000000 0.000000 1.000000
0.778076 0.127935 -0.615005 -0.747717 0.028270 0.970918 0.237738 100.132965 0.627534 -0.202364 0.751831 -0.260895 0.000000 0.000000 0.000000 1.000000
0.776401 0.127863 -0.617133 -0.724083 0.027488 0.971402 0.235844 100.137581 0.629640 -0.200073 0.750683 -0.164208 0.000000 0.000000 0.000000 1.000000
0.774259 0.127875 -0.619816 -0.699849 0.026821 0.971864 0.234012 100.140244 0.632301 -0.197810 0.749044 -0.052359 0.000000 0.000000 0.000000 1.000000
0.772150 0.127872 -0.622441 -0.673156 0.026227 0.972295 0.232280 100.142540 0.634898 -0.195679 0.747405 0.067408 0.000000 0.000000 0.000000 1.000000
0.770296 0.127762 -0.624756 -0.641553 0.025651 0.972723 0.230548 100.145340 0.637170 -0.193616 0.746008 0.194715 0.000000 0.000000 0.000000 1.000000
0.768874 0.127555 -0.626549 -0.610243 0.025203 0.973092 0.229034 100.148117 0.638904 -0.191889 0.744970 0.309295 0.000000 0.000000 0.000000 1.000000
0.768124 0.127377 -0.627503 -0.590540 0.024990 0.973303 0.228161 100.149727 0.639813 -0.190938 0.744434 0.376707 0.000000 0.000000 0.000000 1.000000
0.767744 0.127251 -0.627994 -0.579034 0.024893 0.973418 0.227677 100.150505 0.640273 -0.190431 0.744168 0.414330 0.000000 0.000000 0.000000 1.000000
0.767427 0.127138 -0.628404 -0.569096 0.024808 0.973518 0.227258 100.151077 0.640656 -0.189994 0.743950 0.446730 0.000000 0.000000 0.000000 1.000000
0.767168 0.127036 -0.628741 -0.560495 0.024739 0.973604 0.226900 100.151543 0.640969 -0.189625 0.743775 0.474366 0.000000 0.000000 0.000000 1.000000
0.766936 0.126912 -0.629049 -0.552201 0.024692 0.973687 0.226549 100.151833 0.641249 -0.189281 0.743621 0.501019 0.000000 0.000000 0.000000 1.000000
0.766723 0.126773 -0.629336 -0.544182 0.024665 0.973767 0.226205 100.152023 0.641504 -0.188959 0.743483 0.526731 0.000000 0.000000 0.000000 1.000000
0.766614 0.126694 -0.629485 -0.539935 0.024655 0.973810 0.226021 100.152115 0.641635 -0.188791 0.743413 0.540399 0.000000 0.000000 0.000000 1.000000</float_array><technique_common><accessor source="#mixamorig_Hips-Matrix-animation-output-transform-array" count="36" stride="16"><param type="float4x4"/></accessor></technique_common></source><source id="mixamorig_Hips-Interpolations"><Name_array id="mixamorig_Hips-Interpolations-array" count="36">
 LINEAR LINEAR LINEAR LINEAR LINEAR LINEAR LINEAR LINEAR LINEAR LINEAR LINEAR
LINEAR LINEAR LINEAR LINEAR LINEAR LINEAR LINEAR LINEAR LINEAR LINEAR LINEAR LINEAR
LINEAR LINEAR LINEAR LINEAR LINEAR LINEAR LINEAR LINEAR LINEAR LINEAR LINEAR LINEAR
LINEAR</Name_array><technique_common><accessor source="#mixamorig_Hips-Interpolations-array" count="36"><param type="name"/></accessor></technique_common></source><sampler id="mixamorig_Hips-Matrix-animation-transform"><input semantic="INPUT" source="#mixamorig_Hips-Matrix-animation-input"/><input semantic="OUTPUT" source="#mixamorig_Hips-Matrix-animation-output-transform"/><input semantic="INTERPOLATION" source="#mixamorig_Hips-Interpolations"/></sampler><channel source="#mixamorig_Hips-Matrix-animation-transform" target="mixamorig_Hips/matrix"/></animation>
    <animation id="mixamorig_Spine-anim" name="mixamorig_Spine"><source id="mixamorig_Spine-Matrix-animation-input"><float_array id="mixamorig_Spine-Matrix-animation-input-array" count="36">

0.000000 0.033333 0.066667 0.100000 0.133333 0.166667 0.200000 0.233333 0.266667 0.300000 0.333333 0.366667 0.400000 0.433333 0.466667 0.500000
0.533333 0.566667 0.600000 0.633333 0.666667 0.700000 0.733333 0.766667 0.800000 0.833333 0.866667 0.900000 0.933333 0.966667 1.000000 1.033333
1.066667 1.100000 1.133333 1.166667</float_array><technique_common><accessor source="#mixamorig_Spine-Matrix-animation-input-array" count="36"><param name="TIME" type="float"/></accessor></technique_common></source><source id="mixamorig_Spine-Matrix-animation-output-transform"><float_array id="mixamorig_Spine-Matrix-animation-output-transform-array" count="576">

0.999996 0.002661 -0.000413 -0.000000 -0.002692 0.990285 -0.139028 10.181600 0.000039 0.139029 0.990288 0.131500 0.000000 0.000000 0.000000 1.000000
0.999997 0.002441 -0.000799 -0.000000 -0.002528 0.990285 -0.139030 10.181600 0.000452 0.139031 0.990288 0.131500 0.000000 0.000000 0.000000 1.000000
0.999998 0.002042 -0.000894 0.000000 -0.002146 0.990285 -0.139037 10.181600 0.000602 0.139039 0.990287 0.131500 0.000000 0.000000 0.000000 1.000000
0.999999 0.001467 -0.000759 0.000000 -0.001558 0.990292 -0.138996 10.181600 0.000548 0.138997 0.990293 0.131500 0.000000 0.000000 0.000000 1.000000
0.999999 0.000890 -0.000740 0.000000 -0.000984 0.990308 -0.138882 10.181600 0.000610 0.138882 0.990309 0.131500 0.000000 0.000000 0.000000 1.000000
0.999999 0.000361 -0.001426 0.000000 -0.000555 0.990349 -0.138595 10.181600 0.001363 0.138595 0.990348 0.131500 0.000000 0.000000 0.000000 1.000000
0.999995 -0.000471 -0.002985 0.000000 0.000055 0.990470 -0.137726 10.181600 0.003021 0.137725 0.990466 0.131500 0.000000 0.000000 0.000000 1.000000
0.999986 -0.001893 -0.004895 0.000000 0.001209 0.990696 -0.136085 10.181600 0.005107 0.136077 0.990685 0.131500 0.000000 0.000000 0.000000 1.000000
0.999971 -0.003438 -0.006783 0.000000 0.002496 0.990934 -0.134330 10.181600 0.007183 0.134309 0.990914 0.131500 0.000000 0.000000 0.000000 1.000000
0.999955 -0.004193 -0.008475 0.000000 0.003025 0.991059 -0.133392 10.181600 0.008958 0.133360 0.991027 0.131500 0.000000 0.000000 0.000000 1.000000
0.999949 -0.003728 -0.009437 -0.000000 0.002435 0.991041 -0.133534 10.181600 0.009851 0.133504 0.990999 0.131500 0.000000 0.000000 0.000000 1.000000
0.999954 -0.002400 -0.009339 -0.000000 0.001123 0.990930 -0.134377 10.181600 0.009577 0.134361 0.990886 0.131500 0.000000 0.000000 0.000000 1.000000
0.999962 -0.000927 -0.008627 0.000000 -0.000250 0.990782 -0.135466 10.181600 0.008673 0.135463 0.990744 0.131500 0.000000 0.000000 0.000000 1.000000
0.999968 0.000022 -0.007953 0.000000 -0.001107 0.990649 -0.136431 10.181600 0.007875 0.136435 0.990618 0.131500 0.000000 0.000000 0.000000 1.000000
0.999972 0.000006 -0.007496 -0.000000 -0.001032 0.990579 -0.136940 10.181600 0.007425 0.136944 0.990551 0.131500 0.000000 0.000000 0.000000 1.000000
0.999975 -0.001073 -0.007021 0.000000 0.000102 0.990580 -0.136933 10.181600 0.007102 0.136928 0.990555 0.131500 0.000000 0.000000 0.000000 1.000000
0.999976 -0.002880 -0.006316 0.000000 0.001989 0.990605 -0.136737 10.181600 0.006651 0.136721 0.990587 0.131500 0.000000 0.000000 0.000000 1.000000
0.999973 -0.004760 -0.005529 0.000000 0.003959 0.990606 -0.136688 10.181600 0.006127 0.136662 0.990599 0.131500 0.000000 0.000000 0.000000 1.000000
0.999969 -0.006061 -0.005035 0.000000 0.005315 0.990580 -0.136832 10.181600 0.005816 0.136801 0.990582 0.131500 0.000000 0.000000 0.000000 1.000000
0.999966 -0.006479 -0.005003 0.000000 0.005732 0.990539 -0.137108 10.181600 0.005844 0.137075 0.990543 0.131500 0.000000 0.000000 0.000000 1.000000
0.999967 -0.006204 -0.005258 0.000000 0.005422 0.990486 -0.137503 10.181600 0.006061 0.137470 0.990487 0.131500 0.000000 0.000000 0.000000 1.000000
0.999970 -0.005570 -0.005441 0.000000 0.004767 0.990425 -0.137969 10.181600 0.006157 0.137938 0.990422 0.131500 0.000000 0.000000 0.000000 1.000000
0.999976 -0.004644 -0.005196 0.000000 0.003881 0.990376 -0.138351 10.181600 0.005788 0.138327 0.990370 0.131500 0.000000 0.000000 0.000000 1.000000
0.999984 -0.003511 -0.004433 0.000000 0.002863 0.990354 -0.138534 10.181600 0.004876 0.138519 0.990348 0.131500 0.000000 0.000000 0.000000 1.000000
0.999991 -0.002609 -0.003463 0.000000 0.002104 0.990350 -0.138573 10.181600 0.003791 0.138565 0.990346 0.131500 0.000000 0.000000 0.000000 1.000000
0.999994 -0.002152 -0.002658 0.000000 0.001763 0.990352 -0.138567 10.181600 0.002930 0.138561 0.990350 0.131500 0.000000 0.000000 0.000000 1.000000
0.999996 -0.001692 -0.002131 0.000000 0.001380 0.990355 -0.138546 10.181600 0.002344 0.138543 0.990354 0.131500 0.000000 0.000000 0.000000 1.000000
0.999998 -0.000725 -0.001794 0.000000 0.000469 0.990356 -0.138545 10.181600 0.001877 0.138544 0.990354 0.131500 0.000000 0.000000 0.000000 1.000000
0.999999 0.000447 -0.001532 0.000000 -0.000655 0.990348 -0.138602 10.181600 0.001455 0.138603 0.990347 0.131500 0.000000 0.000000 0.000000 1.000000
0.999998 0.001163 -0.001325 0.000000 -0.001335 0.990336 -0.138681 10.181600 0.001151 0.138682 0.990336 0.131500 0.000000 0.000000 0.000000 1.000000
0.999998 0.001533 -0.001158 -0.000000 -0.001679 0.990327 -0.138746 10.181600 0.000934 0.138748 0.990327 0.131500 0.000000 0.000000 0.000000 1.000000
0.999998 0.001843 -0.000998 0.000000 -0.001964 0.990318 -0.138805 10.181600 0.000733 0.138806 0.990319 0.131500 0.000000 0.000000 0.000000 1.000000
0.999997 0.002100 -0.000847 0.000000 -0.002198 0.990310 -0.138859 10.181600 0.000547 0.138861 0.990312 0.131500 0.000000 0.000000 0.000000 1.000000
0.999997 0.002338 -0.000681 0.000000 -0.002410 0.990301 -0.138915 10.181600 0.000349 0.138917 0.990304 0.131500 0.000000 0.000000 0.000000 1.000000
0.999997 0.002564 -0.000507 -0.000000 -0.002609 0.990293 -0.138971 10.181600 0.000146 0.138972 0.990296 0.131500 0.000000 0.000000 0.000000 1.000000
0.999996 0.002682 -0.000410 -0.000000 -0.002713 0.990288 -0.139002 10.181600 0.000033 0.139003 0.990292 0.131500 0.000000 0.000000 0.000000 1.000000</float_array><technique_common><accessor source="#mixamorig_Spine-Matrix-animation-output-transform-array" count="36" stride="16"><param type="float4x4"/></accessor></technique_common></source><source id="mixamorig_Spine-Interpolations"><Name_array id="mixamorig_Spine-Interpolations-array" count="36">
 LINEAR LINEAR LINEAR LINEAR LINEAR LINEAR LINEAR LINEAR LINEAR LINEAR LINEAR
LINEAR LINEAR LINEAR LINEAR LINEAR LINEAR LINEAR LINEAR LINEAR LINEAR LINEAR LINEAR
LINEAR LINEAR LINEAR LINEAR LINEAR LINEAR LINEAR LINEAR LINEAR LINEAR LINEAR LINEAR
LINEAR</Name_array><technique_common><accessor source="#mixamorig_Spine-Interpolations-array" count="36"><param type="name"/></accessor></technique_common></source><sampler id="mixamorig_Spine-Matrix-animation-transform"><input semantic="INPUT" source="#mixamorig_Spine-Matrix-animation-input"/><input semantic="OUTPUT" source="#mixamorig_Spine-Matrix-animation-output-transform"/><input semantic="INTERPOLATION" source="#mixamorig_Spine-Interpolations"/></sampler><channel source="#mixamorig_Spine-Matrix-animation-transform" target="mixamorig_Spine/matrix"/></animation>
    <animation id="mixamorig_Spine1-anim" name="mixamorig_Spine1"><source id="mixamorig_Spine1-Matrix-animation-input"><float_array id="mixamorig_Spine1-Matrix-animation-input-array" count="36">

0.000000 0.033333 0.066667 0.100000 0.133333 0.166667 0.200000 0.233333 0.266667 0.300000 0.333333 0.366667 0.400000 0.433333 0.466667 0.500000
0.533333 0.566667 0.600000 0.633333 0.666667 0.700000 0.733333 0.766667 0.800000 0.833333 0.866667 0.900000 0.933333 0.966667 1.000000 1.033333
1.066667 1.100000 1.133333 1.166667</float_array><technique_common><accessor source="#mixamorig_Spine1-Matrix-animation-input-array" count="36"><param name="TIME" type="float"/></accessor></technique_common></source><source id="mixamorig_Spine1-Matrix-animation-output-transform"><float_array id="mixamorig_Spine1-Matrix-animation-output-transform-array" count="576">

0.999913 0.013020 -0.002113 0.000000 -0.013086 0.959158 -0.282567 10.083500 -0.001652 0.282570 0.959245 -1.000800 0.000000 0.000000 0.000000 1.000000
0.999915 0.012837 -0.002112 0.000000 -0.012911 0.959162 -0.282562 10.083500 -0.001601 0.282566 0.959247 -1.000800 0.000000 0.000000 0.000000 1.000000
0.999917 0.012676 -0.002117 -0.000000 -0.012757 0.959161 -0.282571 10.083500 -0.001552 0.282575 0.959244 -1.000800 0.000000 0.000000 0.000000 1.000000
0.999919 0.012547 -0.002114 0.000000 -0.012633 0.959166 -0.282563 10.083500 -0.001517 0.282567 0.959246 -1.000800 0.000000 0.000000 0.000000 1.000000
0.999921 0.012355 -0.002104 0.000000 -0.012446 0.959240 -0.282320 10.083500 -0.001470 0.282324 0.959318 -1.000800 0.000000 0.000000 0.000000 1.000000
0.999926 0.012004 -0.002192 0.000000 -0.012135 0.959435 -0.281670 10.083500 -0.001278 0.281675 0.959509 -1.000800 0.000000 0.000000 0.000000 1.000000
0.999929 0.011643 -0.002503 0.000000 -0.011878 0.959669 -0.280881 10.083500 -0.000868 0.280891 0.959739 -1.000800 0.000000 0.000000 0.000000 1.000000
0.999930 0.011425 -0.002963 -0.000000 -0.011798 0.959807 -0.280414 10.083500 -0.000360 0.280430 0.959875 -1.000800 0.000000 0.000000 0.000000 1.000000
0.999933 0.011110 -0.003369 0.000000 -0.011609 0.959839 -0.280312 10.083500 0.000120 0.280332 0.959903 -1.000800 0.000000 0.000000 0.000000 1.000000
0.999939 0.010486 -0.003592 0.000000 -0.011072 0.959848 -0.280301 10.083500 0.000508 0.280323 0.959906 -1.000800 0.000000 0.000000 0.000000 1.000000
0.999945 0.009871 -0.003638 0.000000 -0.010495 0.959861 -0.280279 10.083500 0.000725 0.280302 0.959912 -1.000800 0.000000 0.000000 0.000000 1.000000
0.999947 0.009675 -0.003584 -0.000000 -0.010292 0.959850 -0.280325 10.083500 0.000728 0.280347 0.959898 -1.000800 0.000000 0.000000 0.000000 1.000000
0.999945 0.009881 -0.003493 0.000000 -0.010464 0.959793 -0.280513 10.083500 0.000581 0.280534 0.959844 -1.000800 0.000000 0.000000 0.000000 1.000000
0.999942 0.010211 -0.003409 0.000000 -0.010757 0.959698 -0.280826 10.083500 0.000405 0.280847 0.959753 -1.000800 0.000000 0.000000 0.000000 1.000000
0.999940 0.010453 -0.003350 -0.000000 -0.010973 0.959594 -0.281174 10.083500 0.000275 0.281194 0.959651 -1.000800 0.000000 0.000000 0.000000 1.000000
0.999939 0.010562 -0.003293 -0.000000 -0.011062 0.959507 -0.281466 10.083500 0.000187 0.281486 0.959565 -1.000800 0.000000 0.000000 0.000000 1.000000
0.999939 0.010593 -0.003193 -0.000000 -0.011064 0.959453 -0.281653 10.083500 0.000080 0.281671 0.959511 -1.000800 0.000000 0.000000 0.000000 1.000000
0.999940 0.010545 -0.003029 0.000000 -0.010971 0.959424 -0.281754 10.083500 -0.000065 0.281771 0.959482 -1.000800 0.000000 0.000000 0.000000 1.000000
0.999942 0.010379 -0.002852 -0.000000 -0.010762 0.959407 -0.281820 10.083500 -0.000189 0.281835 0.959463 -1.000800 0.000000 0.000000 0.000000 1.000000
0.999944 0.010212 -0.002732 -0.000000 -0.010568 0.959398 -0.281859 10.083500 -0.000257 0.281872 0.959452 -1.000800 0.000000 0.000000 0.000000 1.000000
0.999944 0.010257 -0.002684 0.000000 -0.010598 0.959393 -0.281874 10.083500 -0.000316 0.281886 0.959448 -1.000800 0.000000 0.000000 0.000000 1.000000
0.999941 0.010532 -0.002669 0.000000 -0.010857 0.959389 -0.281879 10.083500 -0.000408 0.281891 0.959446 -1.000800 0.000000 0.000000 0.000000 1.000000
0.999938 0.010850 -0.002639 0.000000 -0.011154 0.959384 -0.281884 10.083500 -0.000526 0.281896 0.959445 -1.000800 0.000000 0.000000 0.000000 1.000000
0.999935 0.011123 -0.002576 -0.000000 -0.011398 0.959375 -0.281905 10.083500 -0.000664 0.281916 0.959439 -1.000800 0.000000 0.000000 0.000000 1.000000
0.999931 0.011467 -0.002505 0.000000 -0.011708 0.959353 -0.281965 10.083500 -0.000830 0.281975 0.959421 -1.000800 0.000000 0.000000 0.000000 1.000000
0.999926 0.011939 -0.002471 -0.000000 -0.012151 0.959320 -0.282059 10.083500 -0.000997 0.282068 0.959394 -1.000800 0.000000 0.000000 0.000000 1.000000
0.999921 0.012352 -0.002471 0.000000 -0.012548 0.959283 -0.282167 10.083500 -0.001115 0.282175 0.959362 -1.000800 0.000000 0.000000 0.000000 1.000000
0.999918 0.012533 -0.002474 0.000000 -0.012721 0.959249 -0.282274 10.083500 -0.001165 0.282283 0.959331 -1.000800 0.000000 0.000000 0.000000 1.000000
0.999918 0.012568 -0.002472 0.000000 -0.012755 0.959220 -0.282372 10.083500 -0.001177 0.282380 0.959302 -1.000800 0.000000 0.000000 0.000000 1.000000
0.999917 0.012608 -0.002472 -0.000000 -0.012793 0.959202 -0.282431 10.083500 -0.001190 0.282439 0.959284 -1.000800 0.000000 0.000000 0.000000 1.000000
0.999917 0.012669 -0.002472 0.000000 -0.012852 0.959194 -0.282458 10.083500 -0.001207 0.282466 0.959277 -1.000800 0.000000 0.000000 0.000000 1.000000
0.999916 0.012733 -0.002472 0.000000 -0.012913 0.959188 -0.282474 10.083500 -0.001226 0.282482 0.959272 -1.000800 0.000000 0.000000 0.000000 1.000000
0.999915 0.012798 -0.002472 -0.000000 -0.012975 0.959184 -0.282484 10.083500 -0.001244 0.282492 0.959269 -1.000800 0.000000 0.000000 0.000000 1.000000
0.999914 0.012875 -0.002472 -0.000000 -0.013049 0.959182 -0.282487 10.083500 -0.001266 0.282495 0.959268 -1.000800 0.000000 0.000000 0.000000 1.000000
0.999913 0.012958 -0.002472 0.000000 -0.013129 0.959181 -0.282487 10.083500 -0.001289 0.282495 0.959268 -1.000800 0.000000 0.000000 0.000000 1.000000
0.999912 0.013005 -0.002472 0.000000 -0.013174 0.959181 -0.282486 10.083500 -0.001302 0.282494 0.959268 -1.000800 0.000000 0.000000 0.000000 1.000000</float_array><technique_common><accessor source="#mixamorig_Spine1-Matrix-animation-output-transform-array" count="36" stride="16"><param type="float4x4"/></accessor></technique_common></source><source id="mixamorig_Spine1-Interpolations"><Name_array id="mixamorig_Spine1-Interpolations-array" count="36">
 LINEAR LINEAR LINEAR LINEAR LINEAR LINEAR LINEAR LINEAR LINEAR LINEAR LINEAR
LINEAR LINEAR LINEAR LINEAR LINEAR LINEAR LINEAR LINEAR LINEAR LINEAR LINEAR LINEAR
LINEAR LINEAR LINEAR LINEAR LINEAR LINEAR LINEAR LINEAR LINEAR LINEAR LINEAR LINEAR
LINEAR</Name_array><technique_common><accessor source="#mixamorig_Spine1-Interpolations-array" count="36"><param type="name"/></accessor></technique_common></source><sampler id="mixamorig_Spine1-Matrix-animation-transform"><input semantic="INPUT" source="#mixamorig_Spine1-Matrix-animation-input"/><input semantic="OUTPUT" source="#mixamorig_Spine1-Matrix-animation-output-transform"/><input semantic="INTERPOLATION" source="#mixamorig_Spine1-Interpolations"/></sampler><channel source="#mixamorig_Spine1-Matrix-animation-transform" target="mixamorig_Spine1/matrix"/></animation>
    <animation id="mixamorig_Spine2-anim" name="mixamorig_Spine2"><source id="mixamorig_Spine2-Matrix-animation-input"><float_array id="mixamorig_Spine2-Matrix-animation-input-array" count="36">

0.000000 0.033333 0.066667 0.100000 0.133333 0.166667 0.200000 0.233333 0.266667 0.300000 0.333333 0.366667 0.400000 0.433333 0.466667 0.500000
0.533333 0.566667 0.600000 0.633333 0.666667 0.700000 0.733333 0.766667 0.800000 0.833333 0.866667 0.900000 0.933333 0.966667 1.000000 1.033333
1.066667 1.100000 1.133333 1.166667</float_array><technique_common><accessor source="#mixamorig_Spine2-Matrix-animation-input-array" count="36"><param name="TIME" type="float"/></accessor></technique_common></source><source id="mixamorig_Spine2-Matrix-animation-output-transform"><float_array id="mixamorig_Spine2-Matrix-animation-output-transform-array" count="576">

0.999915 0.012585 -0.003294 -0.000000 -0.013003 0.959159 -0.282567 9.100000 -0.000397 0.282586 0.959242 -1.373400 0.000000 0.000000 0.000000 1.000000
0.999917 0.012424 -0.003293 -0.000000 -0.012848 0.959163 -0.282562 9.100000 -0.000352 0.282581 0.959243 -1.373400 0.000000 0.000000 0.000000 1.000000
0.999919 0.012273 -0.003266 0.000000 -0.012696 0.959162 -0.282572 9.100000 -0.000336 0.282590 0.959241 -1.373400 0.000000 0.000000 0.000000 1.000000
0.999921 0.012148 -0.003201 -0.000000 -0.012557 0.959166 -0.282563 9.100000 -0.000362 0.282581 0.959243 -1.373400 0.000000 0.000000 0.000000 1.000000
0.999924 0.011958 -0.003154 -0.000000 -0.012363 0.959241 -0.282320 9.100000 -0.000350 0.282338 0.959315 -1.373400 0.000000 0.000000 0.000000 1.000000
0.999927 0.011606 -0.003245 0.000000 -0.012050 0.959435 -0.281672 9.100000 -0.000156 0.281691 0.959505 -1.373400 0.000000 0.000000 0.000000 1.000000
0.999930 0.011240 -0.003562 0.000000 -0.011788 0.959669 -0.280887 9.100000 0.000261 0.280909 0.959734 -1.373400 0.000000 0.000000 0.000000 1.000000
0.999931 0.011019 -0.004026 -0.000000 -0.011706 0.959805 -0.280423 9.100000 0.000774 0.280451 0.959868 -1.373400 0.000000 0.000000 0.000000 1.000000
0.999933 0.010710 -0.004437 0.000000 -0.011524 0.959836 -0.280324 9.100000 0.001257 0.280356 0.959895 -1.373400 0.000000 0.000000 0.000000 1.000000
0.999938 0.010094 -0.004659 0.000000 -0.010995 0.959845 -0.280315 9.100000 0.001642 0.280349 0.959897 -1.373400 0.000000 0.000000 0.000000 1.000000
0.999944 0.009484 -0.004702 0.000000 -0.010422 0.959857 -0.280296 9.100000 0.001855 0.280330 0.959902 -1.373400 0.000000 0.000000 0.000000 1.000000
0.999946 0.009287 -0.004645 0.000000 -0.010217 0.959845 -0.280344 9.100000 0.001855 0.280377 0.959888 -1.373400 0.000000 0.000000 0.000000 1.000000
0.999945 0.009489 -0.004555 0.000000 -0.010386 0.959789 -0.280531 9.100000 0.001710 0.280563 0.959834 -1.373400 0.000000 0.000000 0.000000 1.000000
0.999942 0.009815 -0.004473 -0.000000 -0.010676 0.959694 -0.280843 9.100000 0.001537 0.280874 0.959743 -1.373400 0.000000 0.000000 0.000000 1.000000
0.999940 0.010054 -0.004412 -0.000000 -0.010889 0.959591 -0.281189 9.100000 0.001407 0.281220 0.959642 -1.373400 0.000000 0.000000 0.000000 1.000000
0.999939 0.010160 -0.004350 0.000000 -0.010974 0.959504 -0.281482 9.100000 0.001314 0.281513 0.959557 -1.373400 0.000000 0.000000 0.000000 1.000000
0.999939 0.010188 -0.004251 -0.000000 -0.010973 0.959449 -0.281668 9.100000 0.001208 0.281697 0.959503 -1.373400 0.000000 0.000000 0.000000 1.000000
0.999940 0.010138 -0.004089 -0.000000 -0.010879 0.959424 -0.281757 9.100000 0.001066 0.281785 0.959477 -1.373400 0.000000 0.000000 0.000000 1.000000
0.999943 0.009971 -0.003905 0.000000 -0.010667 0.959410 -0.281813 9.100000 0.000937 0.281839 0.959461 -1.373400 0.000000 0.000000 0.000000 1.000000
0.999945 0.009807 -0.003773 -0.000000 -0.010472 0.959397 -0.281865 9.100000 0.000855 0.281889 0.959447 -1.373400 0.000000 0.000000 0.000000 1.000000
0.999945 0.009855 -0.003705 0.000000 -0.010500 0.959387 -0.281897 9.100000 0.000776 0.281920 0.959438 -1.373400 0.000000 0.000000 0.000000 1.000000
0.999942 0.010131 -0.003668 0.000000 -0.010754 0.959379 -0.281914 9.100000 0.000663 0.281937 0.959433 -1.373400 0.000000 0.000000 0.000000 1.000000
0.999939 0.010448 -0.003637 0.000000 -0.011049 0.959369 -0.281937 9.100000 0.000544 0.281960 0.959426 -1.373400 0.000000 0.000000 0.000000 1.000000
0.999936 0.010719 -0.003607 0.000000 -0.011301 0.959357 -0.281970 9.100000 0.000438 0.281993 0.959416 -1.373400 0.000000 0.000000 0.000000 1.000000
0.999932 0.011062 -0.003570 0.000000 -0.011620 0.959340 -0.282013 9.100000 0.000305 0.282035 0.959404 -1.373400 0.000000 0.000000 0.000000 1.000000
0.999927 0.011531 -0.003531 -0.000000 -0.012059 0.959316 -0.282078 9.100000 0.000135 0.282100 0.959385 -1.373400 0.000000 0.000000 0.000000 1.000000
0.999923 0.011942 -0.003511 0.000000 -0.012447 0.959283 -0.282171 9.100000 -0.000001 0.282193 0.959358 -1.373400 0.000000 0.000000 0.000000 1.000000
0.999920 0.012122 -0.003511 0.000000 -0.012621 0.959250 -0.282278 9.100000 -0.000054 0.282300 0.959326 -1.373400 0.000000 0.000000 0.000000 1.000000
0.999920 0.012163 -0.003513 -0.000000 -0.012660 0.959220 -0.282376 9.100000 -0.000065 0.282397 0.959298 -1.373400 0.000000 0.000000 0.000000 1.000000
0.999919 0.012208 -0.003512 0.000000 -0.012703 0.959203 -0.282433 9.100000 -0.000079 0.282455 0.959280 -1.373400 0.000000 0.000000 0.000000 1.000000
0.999919 0.012270 -0.003512 0.000000 -0.012763 0.959194 -0.282460 9.100000 -0.000097 0.282482 0.959273 -1.373400 0.000000 0.000000 0.000000 1.000000
0.999918 0.012334 -0.003512 -0.000000 -0.012823 0.959189 -0.282476 9.100000 -0.000116 0.282498 0.959268 -1.373400 0.000000 0.000000 0.000000 1.000000
0.999917 0.012397 -0.003512 0.000000 -0.012884 0.959185 -0.282486 9.100000 -0.000133 0.282508 0.959265 -1.373400 0.000000 0.000000 0.000000 1.000000
0.999916 0.012469 -0.003512 -0.000000 -0.012953 0.959183 -0.282489 9.100000 -0.000154 0.282511 0.959264 -1.373400 0.000000 0.000000 0.000000 1.000000
0.999915 0.012544 -0.003512 0.000000 -0.013025 0.959182 -0.282489 9.100000 -0.000175 0.282511 0.959264 -1.373400 0.000000 0.000000 0.000000 1.000000
0.999915 0.012586 -0.003512 -0.000000 -0.013065 0.959182 -0.282488 9.100000 -0.000187 0.282510 0.959264 -1.373400 0.000000 0.000000 0.000000 1.000000</float_array><technique_common><accessor source="#mixamorig_Spine2-Matrix-animation-output-transform-array" count="36" stride="16"><param type="float4x4"/></accessor></technique_common></source><source id="mixamorig_Spine2-Interpolations"><Name_array id="mixamorig_Spine2-Interpolations-array" count="36">
 LINEAR LINEAR LINEAR LINEAR LINEAR LINEAR LINEAR LINEAR LINEAR LINEAR LINEAR
LINEAR LINEAR LINEAR LINEAR LINEAR LINEAR LINEAR LINEAR LINEAR LINEAR LINEAR LINEAR
LINEAR LINEAR LINEAR LINEAR LINEAR LINEAR LINEAR LINEAR LINEAR LINEAR LINEAR LINEAR
LINEAR</Name_array><technique_common><accessor source="#mixamorig_Spine2-Interpolations-array" count="36"><param type="name"/></accessor></technique_common></source><sampler id="mixamorig_Spine2-Matrix-animation-transform"><input semantic="INPUT" source="#mixamorig_Spine2-Matrix-animation-input"/><input semantic="OUTPUT" source="#mixamorig_Spine2-Matrix-animation-output-transform"/><input semantic="INTERPOLATION" source="#mixamorig_Spine2-Interpolations"/></sampler><channel source="#mixamorig_Spine2-Matrix-animation-transform" target="mixamorig_Spine2/matrix"/></animation>
    <animation id="mixamorig_Neck-anim" name="mixamorig_Neck"><source id="mixamorig_Neck-Matrix-animation-input"><float_array id="mixamorig_Neck-Matrix-animation-input-array" count="36">

0.000000 0.033333 0.066667 0.100000 0.133333 0.166667 0.200000 0.233333 0.266667 0.300000 0.333333 0.366667 0.400000 0.433333 0.466667 0.500000
0.533333 0.566667 0.600000 0.633333 0.666667 0.700000 0.733333 0.766667 0.800000 0.833333 0.866667 0.900000 0.933333 0.966667 1.000000 1.033333
1.066667 1.100000 1.133333 1.166667</float_array><technique_common><accessor source="#mixamorig_Neck-Matrix-animation-input-array" count="36"><param name="TIME" type="float"/></accessor></technique_common></source><source id="mixamorig_Neck-Matrix-animation-output-transform"><float_array id="mixamorig_Neck-Matrix-animation-output-transform-array" count="576">

0.991382 -0.014493 0.130197 0.000000 0.015452 0.999860 -0.006358 16.671700 -0.130087 0.008315 0.991468 -2.516200 0.000000 0.000000 0.000000 1.000000
0.991312 -0.013562 0.130833 -0.000000 0.014563 0.999872 -0.006695 16.671700 -0.130725 0.008543 0.991382 -2.516200 0.000000 0.000000 0.000000 1.000000
0.991216 -0.012183 0.131691 -0.000000 0.013224 0.999888 -0.007030 16.671700 -0.131590 0.008710 0.991266 -2.516200 0.000000 0.000000 0.000000 1.000000
0.991097 -0.010390 0.132734 -0.000000 0.011450 0.999908 -0.007222 16.671700 -0.132647 0.008678 0.991125 -2.516200 0.000000 0.000000 0.000000 1.000000
0.990959 -0.008636 0.133886 0.000000 0.009752 0.999923 -0.007683 16.671700 -0.133809 0.008919 0.990967 -2.516200 0.000000 0.000000 0.000000 1.000000
0.990788 -0.007441 0.135219 -0.000000 0.008760 0.999920 -0.009161 16.671700 -0.135140 0.010261 0.990773 -2.516200 0.000000 0.000000 0.000000 1.000000
0.990592 -0.006987 0.136667 0.000000 0.008543 0.999905 -0.010800 16.671700 -0.136578 0.011866 0.990558 -2.516200 0.000000 0.000000 0.000000 1.000000
0.990444 -0.006959 0.137743 -0.000000 0.008322 0.999922 -0.009328 16.671700 -0.137667 0.010385 0.990424 -2.516200 0.000000 0.000000 0.000000 1.000000
0.990403 -0.006741 0.138045 0.000000 0.007138 0.999972 -0.002386 16.671700 -0.138025 0.003348 0.990423 -2.516200 0.000000 0.000000 0.000000 1.000000
0.990477 -0.006309 0.137536 -0.000000 0.005279 0.999955 0.007851 16.671700 -0.137580 -0.007050 0.990466 -2.516200 0.000000 0.000000 0.000000 1.000000
0.990662 -0.006640 0.136180 0.000000 0.004454 0.999856 0.016349 16.671700 -0.136269 -0.015590 0.990549 -2.516200 0.000000 0.000000 0.000000 1.000000
0.990942 -0.008590 0.134013 0.000000 0.005962 0.999782 0.019996 16.671700 -0.134156 -0.019015 0.990778 -2.516200 0.000000 0.000000 0.000000 1.000000
0.991250 -0.011889 0.131460 0.000000 0.009402 0.999765 0.019523 16.671700 -0.131661 -0.018116 0.991129 -2.516200 0.000000 0.000000 0.000000 1.000000
0.991505 -0.015390 0.129151 -0.000000 0.013252 0.999761 0.017392 16.671700 -0.129388 -0.015533 0.991472 -2.516200 0.000000 0.000000 0.000000 1.000000
0.991662 -0.017825 0.127625 0.000000 0.016036 0.999758 0.015036 16.671700 -0.127862 -0.012864 0.991708 -2.516200 0.000000 0.000000 0.000000 1.000000
0.991724 -0.018620 0.127032 -0.000000 0.017169 0.999774 0.012505 16.671700 -0.127236 -0.010220 0.991820 -2.516200 0.000000 0.000000 0.000000 1.000000
0.991733 -0.018214 0.127018 -0.000000 0.017097 0.999805 0.009873 16.671700 -0.127173 -0.007620 0.991851 -2.516200 0.000000 0.000000 0.000000 1.000000
0.991731 -0.017446 0.127139 -0.000000 0.016607 0.999833 0.007654 16.671700 -0.127252 -0.005480 0.991855 -2.516200 0.000000 0.000000 0.000000 1.000000
0.991734 -0.016806 0.127208 0.000000 0.016182 0.999851 0.005937 16.671700 -0.127289 -0.003830 0.991858 -2.516200 0.000000 0.000000 0.000000 1.000000
0.991733 -0.016334 0.127273 -0.000000 0.015930 0.999864 0.004193 16.671700 -0.127324 -0.002131 0.991859 -2.516200 0.000000 0.000000 0.000000 1.000000
0.991711 -0.015877 0.127502 -0.000000 0.015739 0.999874 0.002091 16.671700 -0.127519 -0.000067 0.991836 -2.516200 0.000000 0.000000 0.000000 1.000000
0.991678 -0.015581 0.127793 0.000000 0.015712 0.999877 -0.000020 16.671700 -0.127777 0.002027 0.991801 -2.516200 0.000000 0.000000 0.000000 1.000000
0.991688 -0.016006 0.127665 -0.000000 0.016338 0.999865 -0.001555 16.671700 -0.127623 0.003628 0.991816 -2.516200 0.000000 0.000000 0.000000 1.000000
0.991737 -0.016977 0.127159 -0.000000 0.017439 0.999845 -0.002523 16.671700 -0.127096 0.004719 0.991879 -2.516200 0.000000 0.000000 0.000000 1.000000
0.991733 -0.017152 0.127165 -0.000000 0.017745 0.999836 -0.003529 16.671700 -0.127083 0.005756 0.991875 -2.516200 0.000000 0.000000 0.000000 1.000000
0.991634 -0.015951 0.128093 0.000000 0.016706 0.999849 -0.004817 16.671700 -0.127997 0.006916 0.991750 -2.516200 0.000000 0.000000 0.000000 1.000000
0.991515 -0.014587 0.129173 -0.000000 0.015476 0.999863 -0.005883 16.671700 -0.129069 0.007832 0.991605 -2.516200 0.000000 0.000000 0.000000 1.000000
0.991454 -0.014170 0.129685 -0.000000 0.015115 0.999866 -0.006309 16.671700 -0.129578 0.008216 0.991535 -2.516200 0.000000 0.000000 0.000000 1.000000
0.991437 -0.014337 0.129799 0.000000 0.015288 0.999863 -0.006331 16.671700 -0.129690 0.008261 0.991520 -2.516200 0.000000 0.000000 0.000000 1.000000
0.991427 -0.014427 0.129864 -0.000000 0.015376 0.999862 -0.006310 16.671700 -0.129755 0.008253 0.991512 -2.516200 0.000000 0.000000 0.000000 1.000000
0.991417 -0.014420 0.129937 0.000000 0.015370 0.999862 -0.006315 16.671700 -0.129828 0.008258 0.991502 -2.516200 0.000000 0.000000 0.000000 1.000000
0.991409 -0.014417 0.129999 -0.000000 0.015368 0.999862 -0.006316 16.671700 -0.129890 0.008260 0.991494 -2.516200 0.000000 0.000000 0.000000 1.000000
0.991402 -0.014411 0.130057 0.000000 0.015363 0.999862 -0.006317 16.671700 -0.129948 0.008261 0.991486 -2.516200 0.000000 0.000000 0.000000 1.000000
0.991394 -0.014405 0.130116 0.000000 0.015358 0.999862 -0.006319 16.671700 -0.130007 0.008263 0.991479 -2.516200 0.000000 0.000000 0.000000 1.000000
0.991387 -0.014406 0.130171 0.000000 0.015359 0.999862 -0.006319 16.671700 -0.130062 0.008264 0.991471 -2.516200 0.000000 0.000000 0.000000 1.000000
0.991383 -0.014407 0.130200 -0.000000 0.015360 0.999862 -0.006319 16.671700 -0.130091 0.008264 0.991468 -2.516200 0.000000 0.000000 0.000000 1.000000</float_array><technique_common><accessor source="#mixamorig_Neck-Matrix-animation-output-transform-array" count="36" stride="16"><param type="float4x4"/></accessor></technique_common></source><source id="mixamorig_Neck-Interpolations"><Name_array id="mixamorig_Neck-Interpolations-array" count="36">
 LINEAR LINEAR LINEAR LINEAR LINEAR LINEAR LINEAR LINEAR LINEAR LINEAR LINEAR
LINEAR LINEAR LINEAR LINEAR LINEAR LINEAR LINEAR LINEAR LINEAR LINEAR LINEAR LINEAR
LINEAR LINEAR LINEAR LINEAR LINEAR LINEAR LINEAR LINEAR LINEAR LINEAR LINEAR LINEAR
LINEAR</Name_array><technique_common><accessor source="#mixamorig_Neck-Interpolations-array" count="36"><param type="name"/></accessor></technique_common></source><sampler id="mixamorig_Neck-Matrix-animation-transform"><input semantic="INPUT" source="#mixamorig_Neck-Matrix-animation-input"/><input semantic="OUTPUT" source="#mixamorig_Neck-Matrix-animation-output-transform"/><input semantic="INTERPOLATION" source="#mixamorig_Neck-Interpolations"/></sampler><channel source="#mixamorig_Neck-Matrix-animation-transform" target="mixamorig_Neck/matrix"/></animation>
    <animation id="mixamorig_Head-anim" name="mixamorig_Head"><source id="mixamorig_Head-Matrix-animation-input"><float_array id="mixamorig_Head-Matrix-animation-input-array" count="36">

0.000000 0.033333 0.066667 0.100000 0.133333 0.166667 0.200000 0.233333 0.266667 0.300000 0.333333 0.366667 0.400000 0.433333 0.466667 0.500000
0.533333 0.566667 0.600000 0.633333 0.666667 0.700000 0.733333 0.766667 0.800000 0.833333 0.866667 0.900000 0.933333 0.966667 1.000000 1.033333
1.066667 1.100000 1.133333 1.166667</float_array><technique_common><accessor source="#mixamorig_Head-Matrix-animation-input-array" count="36"><param name="TIME" type="float"/></accessor></technique_common></source><source id="mixamorig_Head-Matrix-animation-output-transform"><float_array id="mixamorig_Head-Matrix-animation-output-transform-array" count="576">

0.909869 -0.191457 0.368080 0.000000 0.160620 0.980529 0.112981 9.617900 -0.382544 -0.043677 0.922904 1.685000 0.000000 0.000000 0.000000 1.000000
0.909458 -0.190983 0.369341 0.000000 0.160040 0.980622 0.112992 9.617900 -0.383763 -0.043652 0.922399 1.685000 0.000000 0.000000 0.000000 1.000000
0.908932 -0.192714 0.369735 0.000000 0.161619 0.980289 0.113634 9.617900 -0.384346 -0.043530 0.922162 1.685000 0.000000 0.000000 0.000000 1.000000
0.908261 -0.197506 0.368854 0.000000 0.165913 0.979313 0.115838 9.617900 -0.384102 -0.044014 0.922241 1.685000 0.000000 0.000000 0.000000 1.000000
0.907319 -0.202731 0.368336 0.000000 0.170143 0.978175 0.119272 9.617900 -0.384477 -0.045548 0.922010 1.685000 0.000000 0.000000 0.000000 1.000000
0.905984 -0.203482 0.371198 0.000000 0.170305 0.978002 0.120452 9.617900 -0.387542 -0.045911 0.920708 1.685000 0.000000 0.000000 0.000000 1.000000
0.904622 -0.196850 0.378032 -0.000000 0.165872 0.979630 0.113188 9.617900 -0.392613 -0.039687 0.918847 1.685000 0.000000 0.000000 0.000000 1.000000
0.904101 -0.184292 0.385536 0.000000 0.160001 0.982585 0.094479 9.617900 -0.396234 -0.023732 0.917843 1.685000 0.000000 0.000000 0.000000 1.000000
0.904751 -0.171435 0.389917 0.000000 0.155924 0.985188 0.071357 9.617900 -0.396374 -0.003763 0.918081 1.685000 0.000000 0.000000 0.000000 1.000000
0.905985 -0.165042 0.389810 0.000000 0.155312 0.986243 0.056594 9.617900 -0.393788 0.009268 0.919154 1.685000 0.000000 0.000000 0.000000 1.000000
0.907295 -0.167540 0.385675 0.000000 0.158329 0.985810 0.055776 9.617900 -0.389547 0.010458 0.920947 1.685000 0.000000 0.000000 0.000000 1.000000
0.908645 -0.175006 0.379127 -0.000000 0.163203 0.984558 0.063329 9.617900 -0.384355 0.004331 0.923175 1.685000 0.000000 0.000000 0.000000 1.000000
0.909985 -0.181705 0.372708 0.000000 0.167229 0.983350 0.071112 9.617900 -0.379424 -0.002384 0.925220 1.685000 0.000000 0.000000 0.000000 1.000000
