<?xml version="1.0" encoding="utf-8"?>
<COLLADA xmlns="http://www.collada.org/2005/11/COLLADASchema" version="1.4.1">
  <asset><contributor><author>Mixamo</author><authoring_tool>COLLADA Mixamo exporter</authoring_tool><comments></comments></contributor><created>2018-11-01T22:12:22Z</created><modified>2018-11-01T22:12:22Z</modified><revision></revision><title></title><unit meter="0.010000"/><up_axis>Y_UP</up_axis></asset>
  <library_animations>
    <animation id="mixamorig_Hips-anim" name="mixamorig_Hips"><source id="mixamorig_Hips-Matrix-animation-input"><float_array id="mixamorig_Hips-Matrix-animation-input-array" count="41">

0.000000 0.033333 0.066667 0.100000 0.133333 0.166667 0.200000 0.233333 0.266667 0.300000 0.333333 0.366667 0.400000 0.433333 0.466667 0.500000
0.533333 0.566667 0.600000 0.633333 0.666667 0.700000 0.733333 0.766667 0.800000 0.833333 0.866667 0.900000 0.933333 0.966667 1.000000 1.033333
1.066667 1.100000 1.133333 1.166667 1.200000 1.233333 1.266667 1.300000 1.333333</float_array><technique_common><accessor source="#mixamorig_Hips-Matrix-animation-input-array" count="41"><param name="TIME" type="float"/></accessor></technique_common></source><source id="mixamorig_Hips-Matrix-animation-output-transform"><float_array id="mixamorig_Hips-Matrix-animation-output-transform-array" count="656">

0.843726 0.048163 -0.534609 0.371502 0.050515 0.984422 0.168411 81.134331 0.534392 -0.169099 0.828149 -1.047679 0.000000 0.000000 0.000000 1.000000
0.839651 0.044487 -0.541302 0.161868 0.058326 0.983490 0.171303 82.039085 0.539986 -0.175407 0.823194 1.469755 0.000000 0.000000 0.000000 1.000000
0.835887 0.040054 -0.547438 -0.050934 0.066023 0.982756 0.172716 83.005417 0.544916 -0.180515 0.818829 4.020090 0.000000 0.000000 0.000000 1.000000
0.832848 0.035991 -0.552331 -0.266991 0.071772 0.982437 0.172241 83.897430 0.548829 -0.183093 0.815637 6.431712 0.000000 0.000000 0.000000 1.000000
0.829457 0.032915 -0.557599 -0.438745 0.075006 0.982658 0.169582 84.600365 0.553511 -0.182484 0.812604 8.637591 0.000000 0.000000 0.000000 1.000000
0.823860 0.033265 -0.565816 -0.531123 0.075484 0.982944 0.167697 85.132339 0.561745 -0.180869 0.807298 10.794474 0.000000 0.000000 0.000000 1.000000
0.816028 0.039345 -0.576672 -0.559689 0.071765 0.983064 0.168624 85.444420 0.573540 -0.178987 0.799384 13.219370 0.000000 0.000000 0.000000 1.000000
0.808116 0.047238 -0.587126 -0.495628 0.066534 0.983079 0.170673 85.535110 0.585253 -0.176988 0.791299 15.926508 0.000000 0.000000 0.000000 1.000000
0.801004 0.050236 -0.596548 -0.301172 0.066285 0.982904 0.171775 85.620514 0.594978 -0.177135 0.783980 18.796560 0.000000 0.000000 0.000000 1.000000
0.793681 0.051459 -0.606154 0.052509 0.067826 0.982718 0.172237 85.717056 0.604542 -0.177814 0.776474 21.877794 0.000000 0.000000 0.000000 1.000000
0.784234 0.051074 -0.618359 0.553613 0.070377 0.982852 0.170436 85.675575 0.616461 -0.177180 0.767192 25.169035 0.000000 0.000000 0.000000 1.000000
0.772858 0.047519 -0.632797 1.014764 0.076414 0.982967 0.167142 85.363678 0.629961 -0.177532 0.756063 28.590586 0.000000 0.000000 0.000000 1.000000
0.763809 0.044255 -0.643924 1.541159 0.086778 0.981547 0.170394 84.869980 0.639583 -0.186027 0.745874 32.092896 0.000000 0.000000 0.000000 1.000000
0.759394 0.046359 -0.648978 2.196018 0.096152 0.978510 0.182410 84.181595 0.643487 -0.200922 0.738617 35.775520 0.000000 0.000000 0.000000 1.000000
0.756106 0.040057 -0.653222 2.874122 0.113422 0.975000 0.191076 83.487175 0.644546 -0.218563 0.732660 39.336582 0.000000 0.000000 0.000000 1.000000
0.750336 0.015791 -0.660868 3.356895 0.148715 0.970056 0.192028 82.868507 0.644112 -0.242366 0.725519 42.365273 0.000000 0.000000 0.000000 1.000000
0.749515 -0.009122 -0.661925 3.633620 0.185773 0.962624 0.197089 82.455345 0.635387 -0.270689 0.723195 44.967175 0.000000 0.000000 0.000000 1.000000
0.763265 -0.018272 -0.645827 3.856778 0.197174 0.958501 0.205909 82.352257 0.615264 -0.284504 0.735193 47.547436 0.000000 0.000000 0.000000 1.000000
0.785442 -0.022140 -0.618539 4.006486 0.191157 0.959180 0.208405 82.498505 0.588676 -0.281928 0.757613 50.083733 0.000000 0.000000 0.000000 1.000000
0.803705 -0.030647 -0.594239 4.113835 0.186682 0.961237 0.202911 82.828690 0.564986 -0.274014 0.778272 52.572910 0.000000 0.000000 0.000000 1.000000
0.816117 -0.040363 -0.576476 4.236893 0.186233 0.962707 0.196244 83.281250 0.547056 -0.267517 0.793199 55.032001 0.000000 0.000000 0.000000 1.000000
0.827212 -0.045528 -0.560042 4.323637 0.183798 0.963805 0.193127 83.788429 0.530979 -0.262692 0.805639 57.456409 0.000000 0.000000 0.000000 1.000000
0.839037 -0.047335 -0.542011 4.333118 0.177420 0.965556 0.190324 84.305511 0.514333 -0.255852 0.818536 59.859741 0.000000 0.000000 0.000000 1.000000
0.849276 -0.049247 -0.525647 4.289387 0.169261 0.968482 0.182737 84.780525 0.500081 -0.244166 0.830844 62.236343 0.000000 0.000000 0.000000 1.000000
0.855812 -0.049841 -0.514881 4.231653 0.159849 0.972113 0.171593 85.084969 0.491970 -0.229155 0.839913 64.587349 0.000000 0.000000 0.000000 1.000000
0.858339 -0.048544 -0.510781 4.144974 0.149700 0.975893 0.158815 85.344101 0.490758 -0.212781 0.844915 66.912323 0.000000 0.000000 0.000000 1.000000
0.858222 -0.048967 -0.510938 3.980458 0.141151 0.979575 0.143212 85.507812 0.493489 -0.195028 0.847604 69.250893 0.000000 0.000000 0.000000 1.000000
0.858491 -0.053499 -0.510031 3.726637 0.135394 0.982901 0.124796 85.569458 0.494633 -0.176191 0.851055 71.688881 0.000000 0.000000 0.000000 1.000000
0.861133 -0.063406 -0.504410 3.388484 0.134159 0.985363 0.105172 85.399948 0.490359 -0.158238 0.857035 74.398972 0.000000 0.000000 0.000000 1.000000
0.866169 -0.068146 -0.495083 3.054839 0.129442 0.987444 0.090547 85.154099 0.482696 -0.142513 0.864115 77.220818 0.000000 0.000000 0.000000 1.000000
0.875081 -0.061690 -0.480029 2.753358 0.116622 0.989495 0.085435 84.912102 0.469715 -0.130745 0.873083 80.096161 0.000000 0.000000 0.000000 1.000000
0.889328 -0.048382 -0.454703 2.441844 0.097039 0.991706 0.084272 84.588074 0.446855 -0.119069 0.886647 83.175728 0.000000 0.000000 0.000000 1.000000
0.901469 -0.031340 -0.431708 2.140356 0.074855 0.993636 0.084173 84.170723 0.426323 -0.108195 0.898077 86.444992 0.000000 0.000000 0.000000 1.000000
0.900621 -0.016045 -0.434309 1.861444 0.060612 0.994189 0.088962 83.648468 0.430358 -0.106445 0.896360 89.739792 0.000000 0.000000 0.000000 1.000000
0.888881 -0.005566 -0.458104 1.579738 0.057821 0.993293 0.100125 83.125870 0.454474 -0.115487 0.883242 92.897346 0.000000 0.000000 0.000000 1.000000
0.877386 0.010333 -0.479673 1.293278 0.051640 0.991926 0.115825 82.300156 0.476998 -0.126394 0.869769 95.767662 0.000000 0.000000 0.000000 1.000000
0.868891 0.035127 -0.493755 1.084233 0.035484 0.990493 0.132910 81.217339 0.493730 -0.133004 0.859384 98.271378 0.000000 0.000000 0.000000 1.000000
0.860557 0.051414 -0.506753 0.936525 0.026451 0.989039 0.145263 80.620857 0.508667 -0.138411 0.849765 100.770729 0.000000 0.000000 0.000000 1.000000
0.853610 0.051035 -0.518407 0.748878 0.033377 0.987786 0.152201 80.594109 0.519843 -0.147223 0.841480 103.260918 0.000000 0.000000 0.000000 1.000000
0.848570 0.048055 -0.526896 0.551922 0.043364 0.986199 0.159783 80.792404 0.527302 -0.158436 0.834776 105.589996 0.000000 0.000000 0.000000 1.000000
0.843726 0.048163 -0.534609 0.370451 0.050515 0.984422 0.168411 81.134346 0.534392 -0.169098 0.828149 107.795189 0.000000 0.000000 0.000000 1.000000</float_array><technique_common><accessor source="#mixamorig_Hips-Matrix-animation-output-transform-array" count="41" stride="16"><param type="float4x4"/></accessor></technique_common></source><source id="mixamorig_Hips-Interpolations"><Name_array id="mixamorig_Hips-Interpolations-array" count="41">
 LINEAR LINEAR LINEAR LINEAR LINEAR LINEAR LINEAR LINEAR LINEAR LINEAR LINEAR
LINEAR LINEAR LINEAR LINEAR LINEAR LINEAR LINEAR LINEAR LINEAR LINEAR LINEAR LINEAR
LINEAR LINEAR LINEAR LINEAR LINEAR LINEAR LINEAR LINEAR LINEAR LINEAR LINEAR LINEAR
LINEAR LINEAR LINEAR LINEAR LINEAR LINEAR</Name_array><technique_common><accessor source="#mixamorig_Hips-Interpolations-array" count="41"><param type="name"/></accessor></technique_common></source><sampler id="mixamorig_Hips-Matrix-animation-transform"><input semantic="INPUT" source="#mixamorig_Hips-Matrix-animation-input"/><input semantic="OUTPUT" source="#mixamorig_Hips-Matrix-animation-output-transform"/><input semantic="INTERPOLATION" source="#mixamorig_Hips-Interpolations"/></sampler><channel source="#mixamorig_Hips-Matrix-animation-transform" target="mixamorig_Hips/matrix"/></animation>
    <animation id="mixamorig_Spine-anim" name="mixamorig_Spine"><source id="mixamorig_Spine-Matrix-animation-input"><float_array id="mixamorig_Spine-Matrix-animation-input-array" count="41">

0.000000 0.033333 0.066667 0.100000 0.133333 0.166667 0.200000 0.233333 0.266667 0.300000 0.333333 0.366667 0.400000 0.433333 0.466667 0.500000
0.533333 0.566667 0.600000 0.633333 0.666667 0.700000 0.733333 0.766667 0.800000 0.833333 0.866667 0.900000 0.933333 0.966667 1.000000 1.033333
1.066667 1.100000 1.133333 1.166667 1.200000 1.233333 1.266667 1.300000 1.333333</float_array><technique_common><accessor source="#mixamorig_Spine-Matrix-animation-input-array" count="41"><param name="TIME" type="float"/></accessor></technique_common></source><source id="mixamorig_Spine-Matrix-animation-output-transform"><float_array id="mixamorig_Spine-Matrix-animation-output-transform-array" count="656">

0.991030 -0.107599 -0.079263 0.005100 0.086311 0.968135 -0.235083 8.712000 0.102032 0.226133 0.968738 -0.691000 0.000000 0.000000 0.000000 1.000000
0.990947 -0.100255 -0.089292 0.005100 0.077022 0.969295 -0.233526 8.712000 0.109963 0.224535 0.968242 -0.691000 0.000000 0.000000 0.000000 1.000000
0.990854 -0.092061 -0.098660 0.005100 0.067172 0.970616 -0.231070 8.712000 0.117033 0.222329 0.967922 -0.691000 0.000000 0.000000 0.000000 1.000000
0.991752 -0.082604 -0.098002 0.005100 0.058372 0.971812 -0.228417 8.712000 0.114107 0.220813 0.968618 -0.691000 0.000000 0.000000 0.000000 1.000000
0.993166 -0.073610 -0.090565 0.005100 0.051515 0.972821 -0.225757 8.712000 0.104721 0.219548 0.969965 -0.691000 0.000000 0.000000 0.000000 1.000000
0.994740 -0.065270 -0.078938 0.005100 0.046055 0.973390 -0.224481 8.712000 0.091489 0.219664 0.971276 -0.691000 0.000000 0.000000 0.000000 1.000000
0.995995 -0.059772 -0.066488 0.005100 0.043349 0.973259 -0.225584 8.712000 0.078194 0.221798 0.971952 -0.691000 0.000000 0.000000 0.000000 1.000000
0.996845 -0.056066 -0.056191 0.005100 0.041854 0.972742 -0.228082 8.712000 0.067447 0.225010 0.972019 -0.691000 0.000000 0.000000 0.000000 1.000000
0.997580 -0.050391 -0.047905 0.005100 0.038116 0.972599 -0.229342 8.712000 0.058149 0.226961 0.972166 -0.691000 0.000000 0.000000 0.000000 1.000000
0.998186 -0.046375 -0.038391 0.005100 0.036372 0.972681 -0.229278 8.712000 0.047975 0.227465 0.972604 -0.691000 0.000000 0.000000 0.000000 1.000000
0.998793 -0.042187 -0.025140 0.005100 0.035378 0.973148 -0.227446 8.712000 0.034060 0.226282 0.973466 -0.691000 0.000000 0.000000 0.000000 1.000000
0.999206 -0.037446 -0.013611 0.005100 0.033434 0.973852 -0.224710 8.712000 0.021670 0.224076 0.974331 -0.691000 0.000000 0.000000 0.000000 1.000000
0.999332 -0.035286 -0.009471 0.005100 0.032222 0.973414 -0.226774 8.712000 0.017221 0.226317 0.973901 -0.691000 0.000000 0.000000 0.000000 1.000000
0.999286 -0.037039 -0.007520 0.005100 0.034230 0.971292 -0.235413 8.712000 0.016024 0.234987 0.971866 -0.691000 0.000000 0.000000 0.000000 1.000000
0.999436 -0.032810 -0.007188 0.005100 0.030123 0.970216 -0.240360 8.712000 0.014860 0.240008 0.970657 -0.691000 0.000000 0.000000 0.000000 1.000000
0.999840 -0.011575 -0.013623 0.005100 0.007947 0.970421 -0.241289 8.712000 0.016013 0.241143 0.970358 -0.691000 0.000000 0.000000 0.000000 1.000000
0.999442 0.015748 -0.029455 0.005100 -0.022556 0.968635 -0.247461 8.712000 0.024635 0.247987 0.968450 -0.691000 0.000000 0.000000 0.000000 1.000000
0.998445 0.025329 -0.049655 0.005100 -0.037179 0.966316 -0.254659 8.712000 0.041532 0.256109 0.965755 -0.691000 0.000000 0.000000 0.000000 1.000000
0.997397 0.020177 -0.069223 0.005100 -0.037172 0.966523 -0.253873 8.712000 0.061783 0.255786 0.964757 -0.691000 0.000000 0.000000 0.000000 1.000000
0.996108 0.014926 -0.086873 0.005100 -0.036085 0.968239 -0.247409 8.712000 0.080421 0.249581 0.965009 -0.691000 0.000000 0.000000 0.000000 1.000000
0.994735 0.013364 -0.101606 0.005100 -0.037854 0.969259 -0.243114 8.712000 0.095234 0.245681 0.964661 -0.691000 0.000000 0.000000 0.000000 1.000000
0.993388 0.012017 -0.114175 0.005100 -0.039737 0.969024 -0.243748 8.712000 0.107709 0.246674 0.963094 -0.691000 0.000000 0.000000 0.000000 1.000000
0.991950 0.007285 -0.126418 0.005100 -0.038270 0.968905 -0.244457 8.712000 0.120706 0.247327 0.961384 -0.691000 0.000000 0.000000 0.000000 1.000000
0.990774 0.000669 -0.135525 0.005100 -0.033530 0.970111 -0.240335 8.712000 0.131313 0.242662 0.961183 -0.691000 0.000000 0.000000 0.000000 1.000000
0.990232 -0.006995 -0.139254 0.005100 -0.025949 0.972047 -0.233349 8.712000 0.136994 0.234684 0.962370 -0.691000 0.000000 0.000000 0.000000 1.000000
0.990162 -0.015595 -0.139051 0.005100 -0.016559 0.973727 -0.227117 8.712000 0.138939 0.227186 0.963889 -0.691000 0.000000 0.000000 0.000000 1.000000
0.990047 -0.022246 -0.138965 0.005100 -0.008655 0.975935 -0.217889 8.712000 0.140468 0.216923 0.966029 -0.691000 0.000000 0.000000 0.000000 1.000000
0.989366 -0.027059 -0.142905 0.005100 -0.001794 0.980196 -0.198019 8.712000 0.145433 0.196170 0.969725 -0.691000 0.000000 0.000000 0.000000 1.000000
0.988693 -0.026330 -0.147624 0.005100 0.000521 0.985061 -0.172206 8.712000 0.149953 0.170182 0.973936 -0.691000 0.000000 0.000000 0.000000 1.000000
0.988284 -0.026177 -0.150362 0.005100 0.002670 0.987996 -0.154457 8.712000 0.152600 0.152246 0.976491 -0.691000 0.000000 0.000000 0.000000 1.000000
0.986664 -0.035399 -0.158872 0.005100 0.011794 0.989047 -0.147131 8.712000 0.162340 0.143295 0.976275 -0.691000 0.000000 0.000000 0.000000 1.000000
0.983040 -0.054104 -0.175228 0.005100 0.029285 0.989542 -0.141242 8.712000 0.181037 0.133715 0.974344 -0.691000 0.000000 0.000000 0.000000 1.000000
0.979241 -0.076534 -0.187693 0.005100 0.051745 0.989685 -0.133590 8.712000 0.195981 0.121105 0.973101 -0.691000 0.000000 0.000000 0.000000 1.000000
0.978593 -0.093551 -0.183314 0.005100 0.069826 0.988805 -0.131866 8.712000 0.193598 0.116243 0.974170 -0.691000 0.000000 0.000000 0.000000 1.000000
0.980660 -0.101762 -0.167185 0.005100 0.078522 0.987007 -0.140184 8.712000 0.179278 0.124345 0.975909 -0.691000 0.000000 0.000000 0.000000 1.000000
0.982213 -0.112437 -0.150384 0.005100 0.088780 0.983806 -0.155706 8.712000 0.165456 0.139586 0.976289 -0.691000 0.000000 0.000000 0.000000 1.000000
0.982423 -0.130325 -0.133642 0.005100 0.106093 0.978891 -0.174689 8.712000 0.153587 0.157440 0.975512 -0.691000 0.000000 0.000000 0.000000 1.000000
0.983500 -0.138442 -0.116456 0.005100 0.114570 0.974824 -0.191291 8.712000 0.140007 0.174792 0.974600 -0.691000 0.000000 0.000000 0.000000 1.000000
0.986440 -0.129180 -0.101232 0.005100 0.106330 0.972891 -0.205371 8.712000 0.125018 0.191822 0.973435 -0.691000 0.000000 0.000000 0.000000 1.000000
0.989177 -0.116692 -0.088944 0.005100 0.094650 0.970695 -0.220890 8.712000 0.112114 0.210081 0.971235 -0.691000 0.000000 0.000000 0.000000 1.000000
0.991030 -0.107599 -0.079263 0.005100 0.086311 0.968135 -0.235083 8.712000 0.102032 0.226133 0.968738 -0.691000 0.000000 0.000000 0.000000 1.000000</float_array><technique_common><accessor source="#mixamorig_Spine-Matrix-animation-output-transform-array" count="41" stride="16"><param type="float4x4"/></accessor></technique_common></source><source id="mixamorig_Spine-Interpolations"><Name_array id="mixamorig_Spine-Interpolations-array" count="41">
 LINEAR LINEAR LINEAR LINEAR LINEAR LINEAR LINEAR LINEAR LINEAR LINEAR LINEAR
LINEAR LINEAR LINEAR LINEAR LINEAR LINEAR LINEAR LINEAR LINEAR LINEAR LINEAR LINEAR
LINEAR LINEAR LINEAR LINEAR LINEAR LINEAR LINEAR LINEAR LINEAR LINEAR LINEAR LINEAR
LINEAR LINEAR LINEAR LINEAR LINEAR LINEAR</Name_array><technique_common><accessor source="#mixamorig_Spine-Interpolations-array" count="41"><param type="name"/></accessor></technique_common></source><sampler id="mixamorig_Spine-Matrix-animation-transform"><input semantic="INPUT" source="#mixamorig_Spine-Matrix-animation-input"/><input semantic="OUTPUT" source="#mixamorig_Spine-Matrix-animation-output-transform"/><input semantic="INTERPOLATION" source="#mixamorig_Spine-Interpolations"/></sampler><channel source="#mixamorig_Spine-Matrix-animation-transform" target="mixamorig_Spine/matrix"/></animation>
    <animation id="mixamorig_Spine1-anim" name="mixamorig_Spine1"><source id="mixamorig_Spine1-Matrix-animation-input"><float_array id="mixamorig_Spine1-Matrix-animation-input-array" count="41">

0.000000 0.033333 0.066667 0.100000 0.133333 0.166667 0.200000 0.233333 0.266667 0.300000 0.333333 0.366667 0.400000 0.433333 0.466667 0.500000
0.533333 0.566667 0.600000 0.633333 0.666667 0.700000 0.733333 0.766667 0.800000 0.833333 0.866667 0.900000 0.933333 0.966667 1.000000 1.033333
1.066667 1.100000 1.133333 1.166667 1.200000 1.233333 1.266667 1.300000 1.333333</float_array><technique_common><accessor source="#mixamorig_Spine1-Matrix-animation-input-array" count="41"><param name="TIME" type="float"/></accessor></technique_common></source><source id="mixamorig_Spine1-Matrix-animation-output-transform"><float_array id="mixamorig_Spine1-Matrix-animation-output-transform-array" count="656">

0.999060 -0.014423 -0.040870 -0.009200 0.012981 0.999292 -0.035327 8.660300 0.041350 0.034763 0.998540 -1.275000 0.000000 0.000000 0.000000 1.000000
0.997622 -0.021000 -0.065644 -0.009200 0.018643 0.999167 -0.036314 8.660300 0.066352 0.035004 0.997182 -1.275000 0.000000 0.000000 0.000000 1.000000
0.996233 -0.025291 -0.082946 -0.009200 0.022275 0.999064 -0.037090 8.660300 0.083806 0.035103 0.995864 -1.275000 0.000000 0.000000 0.000000 1.000000
0.996549 -0.023826 -0.079513 -0.009200 0.020965 0.999109 -0.036625 8.660300 0.080315 0.034832 0.996161 -1.275000 0.000000 0.000000 0.000000 1.000000
0.997719 -0.019249 -0.064701 -0.009200 0.016974 0.999225 -0.035527 8.660300 0.065335 0.034347 0.997272 -1.275000 0.000000 0.000000 0.000000 1.000000
0.998756 -0.014318 -0.047764 -0.009200 0.012671 0.999321 -0.034601 8.660300 0.048227 0.033953 0.998259 -1.275000 0.000000 0.000000 0.000000 1.000000
0.999194 -0.011956 -0.038308 -0.009200 0.010641 0.999353 -0.034348 8.660300 0.038694 0.033913 0.998675 -1.275000 0.000000 0.000000 0.000000 1.000000
0.999282 -0.011561 -0.036088 -0.009200 0.010312 0.999348 -0.034603 8.660300 0.036465 0.034206 0.998749 -1.275000 0.000000 0.000000 0.000000 1.000000
0.999357 -0.010815 -0.034186 -0.009200 0.009626 0.999349 -0.034777 8.660300 0.034540 0.034425 0.998810 -1.275000 0.000000 0.000000 0.000000 1.000000
0.999432 -0.010347 -0.032088 -0.009200 0.009228 0.999351 -0.034809 8.660300 0.032427 0.034493 0.998879 -1.275000 0.000000 0.000000 0.000000 1.000000
0.999523 -0.010063 -0.029210 -0.009200 0.009050 0.999360 -0.034612 8.660300 0.029539 0.034331 0.998974 -1.275000 0.000000 0.000000 0.000000 1.000000
0.999596 -0.009606 -0.026755 -0.009200 0.008687 0.999375 -0.034276 8.660300 0.027067 0.034030 0.999054 -1.275000 0.000000 0.000000 0.000000 1.000000
0.999620 -0.009509 -0.025885 -0.009200 0.008613 0.999368 -0.034500 8.660300 0.026197 0.034264 0.999069 -1.275000 0.000000 0.000000 0.000000 1.000000
0.999630 -0.009714 -0.025402 -0.009200 0.008807 0.999328 -0.035584 8.660300 0.025730 0.035347 0.999044 -1.275000 0.000000 0.000000 0.000000 1.000000
0.999636 -0.009276 -0.025333 -0.009200 0.008351 0.999304 -0.036367 8.660300 0.025652 0.036142 0.999017 -1.275000 0.000000 0.000000 0.000000 1.000000
0.999614 -0.006783 -0.026953 -0.009200 0.005784 0.999299 -0.036982 8.660300 0.027185 0.036811 0.998952 -1.275000 0.000000 0.000000 0.000000 1.000000
0.999548 -0.003757 -0.029814 -0.009200 0.002617 0.999267 -0.038198 8.660300 0.029935 0.038103 0.998825 -1.275000 0.000000 0.000000 0.000000 1.000000
0.999449 -0.003052 -0.033050 -0.009200 0.001756 0.999231 -0.039159 8.660300 0.033144 0.039080 0.998686 -1.275000 0.000000 0.000000 0.000000 1.000000
0.999324 -0.004061 -0.036539 -0.009200 0.002636 0.999237 -0.038963 8.660300 0.036670 0.038841 0.998572 -1.275000 0.000000 0.000000 0.000000 1.000000
0.999192 -0.004917 -0.039897 -0.009200 0.003399 0.999271 -0.038031 8.660300 0.040055 0.037865 0.998480 -1.275000 0.000000 0.000000 0.000000 1.000000
0.999083 -0.005225 -0.042499 -0.009200 0.003633 0.999292 -0.037436 8.660300 0.042664 0.037248 0.998395 -1.275000 0.000000 0.000000 0.000000 1.000000
0.998993 -0.005338 -0.044557 -0.009200 0.003664 0.999287 -0.037575 8.660300 0.044725 0.037373 0.998300 -1.275000 0.000000 0.000000 0.000000 1.000000
0.998890 -0.005607 -0.046760 -0.009200 0.003845 0.999282 -0.037695 8.660300 0.046938 0.037474 0.998195 -1.275000 0.000000 0.000000 0.000000 1.000000
0.998793 -0.005984 -0.048748 -0.009200 0.004170 0.999298 -0.037234 8.660300 0.048937 0.036985 0.998117 -1.275000 0.000000 0.000000 0.000000 1.000000
0.998735 -0.006353 -0.049874 -0.009200 0.004542 0.999329 -0.036336 8.660300 0.050071 0.036064 0.998094 -1.275000 0.000000 0.000000 0.000000 1.000000
0.998715 -0.006764 -0.050227 -0.009200 0.004986 0.999359 -0.035458 8.660300 0.050434 0.035162 0.998108 -1.275000 0.000000 0.000000 0.000000 1.000000
0.998688 -0.006905 -0.050734 -0.009200 0.005174 0.999402 -0.034184 8.660300 0.050940 0.033877 0.998127 -1.275000 0.000000 0.000000 0.000000 1.000000
0.998597 -0.006872 -0.052501 -0.009200 0.005222 0.999490 -0.031505 8.660300 0.052690 0.031187 0.998124 -1.275000 0.000000 0.000000 0.000000 1.000000
0.998498 -0.006687 -0.054370 -0.009200 0.005166 0.999593 -0.028072 8.660300 0.054535 0.027749 0.998126 -1.275000 0.000000 0.000000 0.000000 1.000000
0.998442 -0.006560 -0.055419 -0.009200 0.005139 0.999656 -0.025734 8.660300 0.055569 0.025409 0.998131 -1.275000 0.000000 0.000000 0.000000 1.000000
0.998326 -0.007320 -0.057380 -0.009200 0.005907 0.999676 -0.024752 8.660300 0.057543 0.024372 0.998045 -1.275000 0.000000 0.000000 0.000000 1.000000
0.998106 -0.009323 -0.060811 -0.009200 0.007888 0.999686 -0.023787 8.660300 0.061014 0.023262 0.997866 -1.275000 0.000000 0.000000 0.000000 1.000000
0.997917 -0.012088 -0.063372 -0.009200 0.010691 0.999693 -0.022336 8.660300 0.063623 0.021612 0.997740 -1.275000 0.000000 0.000000 0.000000 1.000000
0.997946 -0.014229 -0.062465 -0.009200 0.012895 0.999681 -0.021705 8.660300 0.062754 0.020855 0.997811 -1.275000 0.000000 0.000000 0.000000 1.000000
0.998138 -0.014842 -0.059158 -0.009200 0.013512 0.999648 -0.022815 8.660300 0.059475 0.021973 0.997988 -1.275000 0.000000 0.000000 0.000000 1.000000
0.998335 -0.014974 -0.055704 -0.009200 0.013567 0.999582 -0.025547 8.660300 0.056063 0.024749 0.998120 -1.275000 0.000000 0.000000 0.000000 1.000000
0.998502 -0.015747 -0.052391 -0.009200 0.014245 0.999480 -0.028919 8.660300 0.052819 0.028130 0.998208 -1.275000 0.000000 0.000000 0.000000 1.000000
0.998672 -0.016439 -0.048821 -0.009200 0.014929 0.999403 -0.031145 8.660300 0.049304 0.030375 0.998322 -1.275000 0.000000 0.000000 0.000000 1.000000
0.998835 -0.016045 -0.045520 -0.009200 0.014581 0.999371 -0.032319 8.660300 0.046010 0.031617 0.998441 -1.275000 0.000000 0.000000 0.000000 1.000000
0.998967 -0.015122 -0.042849 -0.009200 0.013679 0.999336 -0.033784 8.660300 0.043331 0.033163 0.998510 -1.275000 0.000000 0.000000 0.000000 1.000000
0.999060 -0.014423 -0.040870 -0.009200 0.012981 0.999292 -0.035327 8.660300 0.041350 0.034763 0.998540 -1.275000 0.000000 0.000000 0.000000 1.000000</float_array><technique_common><accessor source="#mixamorig_Spine1-Matrix-animation-output-transform-array" count="41" stride="16"><param type="float4x4"/></accessor></technique_common></source><source id="mixamorig_Spine1-Interpolations"><Name_array id="mixamorig_Spine1-Interpolations-array" count="41">
 LINEAR LINEAR LINEAR LINEAR LINEAR LINEAR LINEAR LINEAR LINEAR LINEAR LINEAR
LINEAR LINEAR LINEAR LINEAR LINEAR LINEAR LINEAR LINEAR LINEAR LINEAR LINEAR LINEAR
LINEAR LINEAR LINEAR LINEAR LINEAR LINEAR LINEAR LINEAR LINEAR LINEAR LINEAR LINEAR
LINEAR LINEAR LINEAR LINEAR LINEAR LINEAR</Name_array><technique_common><accessor source="#mixamorig_Spine1-Interpolations-array" count="41"><param type="name"/></accessor></technique_common></source><sampler id="mixamorig_Spine1-Matrix-animation-transform"><input semantic="INPUT" source="#mixamorig_Spine1-Matrix-animation-input"/><input semantic="OUTPUT" source="#mixamorig_Spine1-Matrix-animation-output-transform"/><input semantic="INTERPOLATION" source="#mixamorig_Spine1-Interpolations"/></sampler><channel source="#mixamorig_Spine1-Matrix-animation-transform" target="mixamorig_Spine1/matrix"/></animation>
    <animation id="mixamorig_Spine2-anim" name="mixamorig_Spine2"><source id="mixamorig_Spine2-Matrix-animation-input"><float_array id="mixamorig_Spine2-Matrix-animation-input-array" count="41">

0.000000 0.033333 0.066667 0.100000 0.133333 0.166667 0.200000 0.233333 0.266667 0.300000 0.333333 0.366667 0.400000 0.433333 0.466667 0.500000
0.533333 0.566667 0.600000 0.633333 0.666667 0.700000 0.733333 0.766667 0.800000 0.833333 0.866667 0.900000 0.933333 0.966667 1.000000 1.033333
1.066667 1.100000 1.133333 1.166667 1.200000 1.233333 1.266667 1.300000 1.333333</float_array><technique_common><accessor source="#mixamorig_Spine2-Matrix-animation-input-array" count="41"><param name="TIME" type="float"/></accessor></technique_common></source><source id="mixamorig_Spine2-Matrix-animation-output-transform"><float_array id="mixamorig_Spine2-Matrix-animation-output-transform-array" count="656">

0.999053 -0.015130 -0.040784 0.006300 0.013699 0.999289 -0.035139 9.852500 0.041287 0.034547 0.998550 -1.857000 0.000000 0.000000 0.000000 1.000000
0.997538 -0.022823 -0.066311 0.006300 0.020450 0.999134 -0.036243 9.852500 0.067081 0.034797 0.997141 -1.857000 0.000000 0.000000 0.000000 1.000000
0.996335 -0.027001 -0.081169 0.006300 0.024073 0.999031 -0.036832 9.852500 0.082085 0.034743 0.996020 -1.857000 0.000000 0.000000 0.000000 1.000000
0.996477 -0.026005 -0.079738 0.006300 0.023156 0.999067 -0.036448 9.852500 0.080611 0.034473 0.996149 -1.857000 0.000000 0.000000 0.000000 1.000000
0.997620 -0.021180 -0.065625 0.006300 0.018886 0.999195 -0.035389 9.852500 0.066321 0.034065 0.997217 -1.857000 0.000000 0.000000 0.000000 1.000000
0.998620 -0.016218 -0.049960 0.006300 0.014504 0.999300 -0.034480 9.852500 0.050484 0.033707 0.998156 -1.857000 0.000000 0.000000 0.000000 1.000000
0.999075 -0.013571 -0.040813 0.006300 0.012178 0.999342 -0.034175 9.852500 0.041250 0.033646 0.998582 -1.857000 0.000000 0.000000 0.000000 1.000000
0.999236 -0.012570 -0.037012 0.006300 0.011301 0.999348 -0.034279 9.852500 0.037418 0.033835 0.998727 -1.857000 0.000000 0.000000 0.000000 1.000000
0.999350 -0.011792 -0.034077 0.006300 0.010619 0.999351 -0.034417 9.852500 0.034461 0.034033 0.998826 -1.857000 0.000000 0.000000 0.000000 1.000000
0.999329 -0.012320 -0.034479 0.006300 0.011125 0.999338 -0.034639 9.852500 0.034883 0.034232 0.998805 -1.857000 0.000000 0.000000 0.000000 1.000000
0.998811 -0.016483 -0.045868 0.006300 0.014870 0.999266 -0.035302 9.852500 0.046417 0.034578 0.998324 -1.857000 0.000000 0.000000 0.000000 1.000000
0.997489 -0.023288 -0.066876 0.006300 0.020888 0.999120 -0.036372 9.852500 0.067664 0.034884 0.997098 -1.857000 0.000000 0.000000 0.000000 1.000000
0.996143 -0.028002 -0.083155 0.006300 0.024987 0.999000 -0.037082 9.852500 0.084111 0.034861 0.995846 -1.857000 0.000000 0.000000 0.000000 1.000000
0.996203 -0.027215 -0.082700 0.006300 0.024244 0.999031 -0.036721 9.852500 0.083619 0.034576 0.995898 -1.857000 0.000000 0.000000 0.000000 1.000000
0.997418 -0.022254 -0.068286 0.006300 0.019854 0.999168 -0.035619 9.852500 0.069022 0.034172 0.997030 -1.857000 0.000000 0.000000 0.000000 1.000000
0.998487 -0.017191 -0.052234 0.006300 0.015390 0.999280 -0.034687 9.852500 0.052793 0.033830 0.998032 -1.857000 0.000000 0.000000 0.000000 1.000000
0.998965 -0.014564 -0.043099 0.006300 0.013086 0.999323 -0.034383 9.852500 0.043571 0.033783 0.998479 -1.857000 0.000000 0.000000 0.000000 1.000000
0.999130 -0.013601 -0.039432 0.006300 0.012242 0.999330 -0.034490 9.852500 0.039875 0.033977 0.998627 -1.857000 0.000000 0.000000 0.000000 1.000000
0.999250 -0.012825 -0.036528 0.006300 0.011560 0.999333 -0.034626 9.852500 0.036947 0.034178 0.998733 -1.857000 0.000000 0.000000 0.000000 1.000000
0.999230 -0.013341 -0.036893 0.006300 0.012056 0.999320 -0.034847 9.852500 0.037333 0.034375 0.998711 -1.857000 0.000000 0.000000 0.000000 1.000000
0.998681 -0.017502 -0.048262 0.006300 0.015795 0.999244 -0.035519 9.852500 0.048847 0.034710 0.998203 -1.857000 0.000000 0.000000 0.000000 1.000000
0.997302 -0.024312 -0.069272 0.006300 0.021813 0.999092 -0.036604 9.852500 0.070099 0.034994 0.996926 -1.857000 0.000000 0.000000 0.000000 1.000000
0.995910 -0.029030 -0.085555 0.006300 0.025912 0.998967 -0.037324 9.852500 0.086550 0.034954 0.995634 -1.857000 0.000000 0.000000 0.000000 1.000000
0.995972 -0.028242 -0.085100 0.006300 0.025170 0.999000 -0.036961 9.852500 0.086058 0.034671 0.995687 -1.857000 0.000000 0.000000 0.000000 1.000000
0.997227 -0.023279 -0.070688 0.006300 0.020782 0.999141 -0.035849 9.852500 0.071462 0.034281 0.996854 -1.857000 0.000000 0.000000 0.000000 1.000000
0.998340 -0.018214 -0.054639 0.006300 0.016320 0.999257 -0.034906 9.852500 0.055234 0.033956 0.997896 -1.857000 0.000000 0.000000 0.000000 1.000000
0.998843 -0.015585 -0.045504 0.006300 0.014016 0.999303 -0.034597 9.852500 0.046012 0.033919 0.998365 -1.857000 0.000000 0.000000 0.000000 1.000000
0.999018 -0.014621 -0.041835 0.006300 0.013172 0.999311 -0.034702 9.852500 0.042314 0.034117 0.998522 -1.857000 0.000000 0.000000 0.000000 1.000000
0.999146 -0.013848 -0.038939 0.006300 0.012492 0.999315 -0.034837 9.852500 0.039394 0.034321 0.998634 -1.857000 0.000000 0.000000 0.000000 1.000000
0.999124 -0.014367 -0.039317 0.006300 0.012990 0.999301 -0.035059 9.852500 0.039793 0.034518 0.998612 -1.857000 0.000000 0.000000 0.000000 1.000000
0.998544 -0.018524 -0.050670 0.006300 0.016723 0.999221 -0.035739 9.852500 0.051292 0.034840 0.998076 -1.857000 0.000000 0.000000 0.000000 1.000000
0.997110 -0.025322 -0.071627 0.006300 0.022725 0.999063 -0.036836 9.852500 0.072492 0.035101 0.996751 -1.857000 0.000000 0.000000 0.000000 1.000000
0.995675 -0.030046 -0.087911 0.006300 0.026827 0.998934 -0.037567 9.852500 0.088946 0.035047 0.995420 -1.857000 0.000000 0.000000 0.000000 1.000000
0.995724 -0.029307 -0.087609 0.006300 0.026128 0.998966 -0.037214 9.852500 0.088609 0.034766 0.995460 -1.857000 0.000000 0.000000 0.000000 1.000000
0.997012 -0.024364 -0.073300 0.006300 0.021762 0.999111 -0.036093 9.852500 0.074114 0.034390 0.996657 -1.857000 0.000000 0.000000 0.000000 1.000000
0.998198 -0.019165 -0.056864 0.006300 0.017185 0.999236 -0.035111 9.852500 0.057494 0.034070 0.997764 -1.857000 0.000000 0.000000 0.000000 1.000000
0.998753 -0.016376 -0.047155 0.006300 0.014743 0.999286 -0.034773 9.852500 0.047691 0.034034 0.998282 -1.857000 0.000000 0.000000 0.000000 1.000000
0.998896 -0.015703 -0.044271 0.006300 0.014161 0.999289 -0.034940 9.852500 0.044789 0.034274 0.998408 -1.857000 0.000000 0.000000 0.000000 1.000000
0.998929 -0.015578 -0.043564 0.006300 0.014049 0.999282 -0.035178 9.852500 0.044081 0.034528 0.998431 -1.857000 0.000000 0.000000 0.000000 1.000000
0.999004 -0.015266 -0.041930 0.006300 0.013793 0.999285 -0.035202 9.852500 0.042437 0.034589 0.998500 -1.857000 0.000000 0.000000 0.000000 1.000000
0.999053 -0.015130 -0.040784 0.006300 0.013699 0.999289 -0.035139 9.852500 0.041287 0.034547 0.998550 -1.857000 0.000000 0.000000 0.000000 1.000000</float_array><technique_common><accessor source="#mixamorig_Spine2-Matrix-animation-output-transform-array" count="41" stride="16"><param type="float4x4"/></accessor></technique_common></source><source id="mixamorig_Spine2-Interpolations"><Name_array id="mixamorig_Spine2-Interpolations-array" count="41">
 LINEAR LINEAR LINEAR LINEAR LINEAR LINEAR LINEAR LINEAR LINEAR LINEAR LINEAR
LINEAR LINEAR LINEAR LINEAR LINEAR LINEAR LINEAR LINEAR LINEAR LINEAR LINEAR LINEAR
LINEAR LINEAR LINEAR LINEAR LINEAR LINEAR LINEAR LINEAR LINEAR LINEAR LINEAR LINEAR
LINEAR LINEAR LINEAR LINEAR LINEAR LINEAR</Name_array><technique_common><accessor source="#mixamorig_Spine2-Interpolations-array" count="41"><param type="name"/></accessor></technique_common></source><sampler id="mixamorig_Spine2-Matrix-animation-transform"><input semantic="INPUT" source="#mixamorig_Spine2-Matrix-animation-input"/><input semantic="OUTPUT" source="#mixamorig_Spine2-Matrix-animation-output-transform"/><input semantic="INTERPOLATION" source="#mixamorig_Spine2-Interpolations"/></sampler><channel source="#mixamorig_Spine2-Matrix-animation-transform" target="mixamorig_Spine2/matrix"/></animation>
    <animation id="mixamorig_Neck-anim" name="mixamorig_Neck"><source id="mixamorig_Neck-Matrix-animation-input"><float_array id="mixamorig_Neck-Matrix-animation-input-array" count="41">

0.000000 0.033333 0.066667 0.100000 0.133333 0.166667 0.200000 0.233333 0.266667 0.300000 0.333333 0.366667 0.400000 0.433333 0.466667 0.500000
0.533333 0.566667 0.600000 0.633333 0.666667 0.700000 0.733333 0.766667 0.800000 0.833333 0.866667 0.900000 0.933333 0.966667 1.000000 1.033333
1.066667 1.100000 1.133333 1.166667 1.200000 1.233333 1.266667 1.300000 1.333333</float_array><technique_common><accessor source="#mixamorig_Neck-Matrix-animation-input-array" count="41"><param name="TIME" type="float"/></accessor></technique_common></source><source id="mixamorig_Neck-Matrix-animation-output-transform"><float_array id="mixamorig_Neck-Matrix-animation-output-transform-array" count="656">

0.966646 0.109274 0.231635 0.016300 -0.057011 0.973527 -0.221349 11.420800 -0.249690 0.200760 0.947286 -0.263300 0.000000 0.000000 0.000000 1.000000
0.956610 0.138553 0.256322 0.016300 -0.083063 0.972880 -0.215883 11.420800 -0.279282 0.185225 0.942175 -0.263300 0.000000 0.000000 0.000000 1.000000
0.950884 0.141542 0.275292 0.016300 -0.093435 0.979095 -0.180673 11.420800 -0.295110 0.146077 0.944231 -0.263300 0.000000 0.000000 0.000000 1.000000
0.954021 0.122051 0.273764 0.016300 -0.082055 0.984798 -0.153101 11.420800 -0.288288 0.123598 0.949533 -0.263300 0.000000 0.000000 0.000000 1.000000
0.959314 0.105054 0.262069 0.016300 -0.070207 0.987804 -0.138979 11.420800 -0.273473 0.114925 0.954989 -0.263300 0.000000 0.000000 0.000000 1.000000
0.963747 0.096955 0.248579 0.016300 -0.060746 0.986906 -0.149419 11.420800 -0.259812 0.128902 0.957017 -0.263300 0.000000 0.000000 0.000000 1.000000
0.965975 0.094559 0.240729 0.016300 -0.054504 0.984293 -0.167921 11.420800 -0.252827 0.149087 0.955956 -0.263300 0.000000 0.000000 0.000000 1.000000
0.966391 0.096891 0.238117 0.016300 -0.053475 0.981759 -0.182452 11.420800 -0.251452 0.163587 0.953945 -0.263300 0.000000 0.000000 0.000000 1.000000
0.963239 0.131780 0.234106 0.016300 -0.070438 0.964823 -0.253289 11.420800 -0.259249 0.227488 0.938637 -0.263300 0.000000 0.000000 0.000000 1.000000
0.965101 0.107085 0.238983 0.016300 -0.057401 0.976884 -0.205921 11.420800 -0.255510 0.185016 0.948938 -0.263300 0.000000 0.000000 0.000000 1.000000
0.965284 0.096369 0.242774 0.016300 -0.046769 0.978198 -0.202337 11.420800 -0.256980 0.183959 0.948747 -0.263300 0.000000 0.000000 0.000000 1.000000
0.965214 0.075181 0.250418 0.016300 -0.035244 0.986438 -0.160306 11.420800 -0.259073 0.145904 0.954774 -0.263300 0.000000 0.000000 0.000000 1.000000
0.965295 0.052714 0.255785 0.016300 -0.027225 0.994392 -0.102189 11.420800 -0.259737 0.091679 0.961318 -0.263300 0.000000 0.000000 0.000000 1.000000
0.967318 0.029024 0.251900 0.016300 -0.015079 0.998254 -0.057114 11.420800 -0.253118 0.051449 0.966066 -0.263300 0.000000 0.000000 0.000000 1.000000
0.969793 0.014587 0.243495 0.016300 -0.005100 0.999205 -0.039545 11.420800 -0.243878 0.037109 0.969096 -0.263300 0.000000 0.000000 0.000000 1.000000
0.970069 0.024847 0.241555 0.016300 -0.014312 0.998872 -0.045272 11.420800 -0.242407 0.040460 0.969331 -0.263300 0.000000 0.000000 0.000000 1.000000
0.968648 0.045546 0.244227 0.016300 -0.030762 0.997475 -0.064013 11.420800 -0.246526 0.054493 0.967603 -0.263300 0.000000 0.000000 0.000000 1.000000
0.968347 0.054225 0.243645 0.016300 -0.035055 0.995987 -0.082342 11.420800 -0.247133 0.071195 0.966363 -0.263300 0.000000 0.000000 0.000000 1.000000
0.968526 0.062094 0.241041 0.016300 -0.038019 0.993926 -0.103277 11.420800 -0.245990 0.090862 0.965004 -0.263300 0.000000 0.000000 0.000000 1.000000
0.967405 0.074667 0.241975 0.016300 -0.044850 0.990955 -0.126475 11.420800 -0.249229 0.111500 0.962004 -0.263300 0.000000 0.000000 0.000000 1.000000
0.965266 0.080486 0.248562 0.016300 -0.047755 0.989692 -0.135014 11.420800 -0.256867 0.118454 0.959160 -0.263300 0.000000 0.000000 0.000000 1.000000
0.963897 0.070549 0.256758 0.016300 -0.042423 0.992634 -0.113485 11.420800 -0.262872 0.098495 0.959790 -0.263300 0.000000 0.000000 0.000000 1.000000
0.963720 0.054679 0.261256 0.016300 -0.036120 0.996505 -0.075325 11.420800 -0.264462 0.063156 0.962326 -0.263300 0.000000 0.000000 0.000000 1.000000
0.964820 0.044456 0.259124 0.016300 -0.033436 0.998345 -0.046784 11.420800 -0.260775 0.036474 0.964710 -0.263300 0.000000 0.000000 0.000000 1.000000
0.967002 0.039487 0.251691 0.016300 -0.030617 0.998768 -0.039065 11.420800 -0.252924 0.030070 0.967019 -0.263300 0.000000 0.000000 0.000000 1.000000
0.968097 0.044103 0.246662 0.016300 -0.034268 0.998443 -0.044025 11.420800 -0.248220 0.034168 0.968101 -0.263300 0.000000 0.000000 0.000000 1.000000
0.967584 0.053732 0.246767 0.016300 -0.040623 0.997495 -0.057913 11.420800 -0.249261 0.046011 0.967343 -0.263300 0.000000 0.000000 0.000000 1.000000
0.966173 0.067777 0.248829 0.016300 -0.046397 0.994787 -0.090809 11.420800 -0.253686 0.076192 0.964281 -0.263300 0.000000 0.000000 0.000000 1.000000
0.964885 0.083460 0.249062 0.016300 -0.052506 0.990326 -0.128445 11.420800 -0.257373 0.110857 0.959932 -0.263300 0.000000 0.000000 0.000000 1.000000
0.964057 0.091014 0.249622 0.016300 -0.054352 0.987188 -0.150022 11.420800 -0.260078 0.131062 0.956652 -0.263300 0.000000 0.000000 0.000000 1.000000
0.962556 0.090544 0.255513 0.016300 -0.052285 0.986881 -0.152748 11.420800 -0.265991 0.133669 0.954663 -0.263300 0.000000 0.000000 0.000000 1.000000
0.961580 0.076679 0.263598 0.016300 -0.045541 0.991451 -0.122275 11.420800 -0.270721 0.105573 0.956852 -0.263300 0.000000 0.000000 0.000000 1.000000
0.962944 0.051854 0.264671 0.016300 -0.032034 0.996387 -0.078661 11.420800 -0.267794 0.067268 0.961125 -0.263300 0.000000 0.000000 0.000000 1.000000
0.965556 0.031393 0.258294 0.016300 -0.018958 0.998544 -0.050492 11.420800 -0.259503 0.043857 0.964746 -0.263300 0.000000 0.000000 0.000000 1.000000
0.967199 0.028394 0.252429 0.016300 -0.018696 0.998995 -0.040732 11.420800 -0.253332 0.034677 0.966758 -0.263300 0.000000 0.000000 0.000000 1.000000
0.968117 0.036122 0.247879 0.016300 -0.023650 0.998309 -0.053111 11.420800 -0.249378 0.045555 0.967334 -0.263300 0.000000 0.000000 0.000000 1.000000
0.968811 0.047363 0.243234 0.016300 -0.026901 0.995865 -0.086766 11.420800 -0.246338 0.077517 0.966079 -0.263300 0.000000 0.000000 0.000000 1.000000
0.968872 0.059206 0.240377 0.016300 -0.031775 0.992690 -0.116431 11.420800 -0.245513 0.105169 0.963671 -0.263300 0.000000 0.000000 0.000000 1.000000
0.968729 0.068907 0.238362 0.016300 -0.037269 0.990174 -0.134781 11.420800 -0.245308 0.121682 0.961778 -0.263300 0.000000 0.000000 0.000000 1.000000
0.968414 0.082644 0.235253 0.016300 -0.043862 0.985225 -0.165553 11.420800 -0.245459 0.150005 0.957731 -0.263300 0.000000 0.000000 0.000000 1.000000
