<?xml version="1.0" encoding="utf-8"?>
<COLLADA xmlns="http://www.collada.org/2005/11/COLLADASchema" version="1.4.1">
  <asset><contributor><author>Mixamo</author><authoring_tool>COLLADA Mixamo exporter</authoring_tool><comments></comments></contributor><created>2018-10-28T16:31:02Z</created><modified>2018-10-28T16:31:02Z</modified><revision></revision><title></title><unit meter="0.010000"/><up_axis>Y_UP</up_axis></asset>
  <library_animations>
    <animation id="mixamorig_Hips-anim" name="mixamorig_Hips"><source id="mixamorig_Hips-Matrix-animation-input"><float_array id="mixamorig_Hips-Matrix-animation-input-array" count="37">

0.000000 0.033333 0.066667 0.100000 0.133333 0.166667 0.200000 0.233333 0.266667 0.300000 0.333333 0.366667 0.400000 0.433333 0.466667 0.500000
0.533333 0.566667 0.600000 0.633333 0.666667 0.700000 0.733333 0.766667 0.800000 0.833333 0.866667 0.900000 0.933333 0.966667 1.000000 1.033333
1.066667 1.100000 1.133333 1.166667 1.200000</float_array><technique_common><accessor source="#mixamorig_Hips-Matrix-animation-input-array" count="37"><param name="TIME" type="float"/></accessor></technique_common></source><source id="mixamorig_Hips-Matrix-animation-output-transform"><float_array id="mixamorig_Hips-Matrix-animation-output-transform-array" count="592">

0.931871 0.056632 0.358344 0.402997 -0.104499 0.987779 0.115642 93.715393 -0.347415 -0.145210 0.926400 3.120291 0.000000 0.000000 0.000000 1.000000
0.927779 0.044754 0.370436 0.632843 -0.097466 0.987381 0.124819 94.107124 -0.360176 -0.151910 0.920433 5.245831 0.000000 0.000000 0.000000 1.000000
0.921167 0.032208 0.387833 0.934907 -0.088919 0.987627 0.129179 94.576279 -0.378873 -0.153481 0.912633 8.450204 0.000000 0.000000 0.000000 1.000000
0.911923 0.019208 0.409912 1.266487 -0.080088 0.988026 0.131873 95.091339 -0.402471 -0.153087 0.902542 12.771474 0.000000 0.000000 0.000000 1.000000
0.903367 0.017529 0.428510 1.382734 -0.079846 0.988569 0.127889 95.106606 -0.421370 -0.149745 0.894440 16.329790 0.000000 0.000000 0.000000 1.000000
0.893118 0.015996 0.449539 1.331925 -0.080588 0.988888 0.124921 94.944145 -0.442545 -0.147796 0.884483 20.221994 0.000000 0.000000 0.000000 1.000000
0.879866 0.018060 0.474878 1.140637 -0.085027 0.989136 0.119921 94.766571 -0.467553 -0.145892 0.871843 24.322384 0.000000 0.000000 0.000000 1.000000
0.862879 0.025790 0.504752 0.823359 -0.095610 0.988994 0.112914 94.483238 -0.496284 -0.145691 0.855848 28.522541 0.000000 0.000000 0.000000 1.000000
0.841379 0.041424 0.538856 0.414673 -0.117058 0.987358 0.106873 93.953232 -0.527616 -0.152998 0.835591 32.684601 0.000000 0.000000 0.000000 1.000000
0.814485 0.064156 0.576626 -0.008996 -0.151355 0.982948 0.104424 93.266609 -0.560094 -0.172327 0.810307 36.672127 0.000000 0.000000 0.000000 1.000000
0.783751 0.084999 0.615232 -0.361124 -0.188893 0.976287 0.105751 92.686897 -0.591654 -0.199096 0.781221 40.542301 0.000000 0.000000 0.000000 1.000000
0.755389 0.093163 0.648620 -0.608412 -0.213915 0.970673 0.109706 92.474998 -0.619377 -0.221620 0.753164 44.442757 0.000000 0.000000 0.000000 1.000000
0.735930 0.085892 0.671587 -0.778649 -0.218425 0.969004 0.115421 92.669991 -0.640857 -0.231633 0.731880 48.380783 0.000000 0.000000 0.000000 1.000000
0.726947 0.070605 0.683054 -0.844504 -0.208630 0.970389 0.121730 93.055054 -0.654234 -0.230997 0.720152 52.209019 0.000000 0.000000 0.000000 1.000000
0.725184 0.058123 0.686097 -0.745514 -0.197493 0.972122 0.126391 93.341637 -0.659624 -0.227156 0.716447 55.829098 0.000000 0.000000 0.000000 1.000000
0.727015 0.053519 0.684533 -0.485084 -0.191456 0.973217 0.127249 93.434105 -0.659389 -0.223570 0.717790 59.299534 0.000000 0.000000 0.000000 1.000000
0.730550 0.053716 0.680743 -0.116572 -0.187443 0.974383 0.124270 93.461205 -0.656629 -0.218386 0.721904 62.695499 0.000000 0.000000 0.000000 1.000000
0.734461 0.052275 0.676635 0.310941 -0.179650 0.976437 0.119566 93.587540 -0.654441 -0.209374 0.726546 66.003975 0.000000 0.000000 0.000000 1.000000
0.735800 0.045392 0.675676 0.776968 -0.166136 0.979360 0.115126 93.921097 -0.656503 -0.196963 0.728154 69.127808 0.000000 0.000000 0.000000 1.000000
0.732646 0.033764 0.679771 1.286346 -0.148296 0.982692 0.111020 94.432709 -0.664257 -0.182146 0.724973 72.043282 0.000000 0.000000 0.000000 1.000000
0.724975 0.021481 0.688440 1.854156 -0.129075 0.986043 0.105158 94.959702 -0.676572 -0.165098 0.717630 74.789680 0.000000 0.000000 0.000000 1.000000
0.716448 0.014534 0.697489 2.534479 -0.113578 0.988874 0.096060 95.196411 -0.688333 -0.148041 0.710128 77.578857 0.000000 0.000000 0.000000 1.000000
0.713039 0.014825 0.700968 3.431549 -0.104858 0.990787 0.085709 95.028625 -0.693239 -0.134616 0.708024 80.541466 0.000000 0.000000 0.000000 1.000000
0.718601 0.019962 0.695136 4.544538 -0.101911 0.991819 0.076870 94.598663 -0.687915 -0.126081 0.714757 83.820755 0.000000 0.000000 0.000000 1.000000
0.731688 0.025155 0.681175 5.828876 -0.099361 0.992581 0.070075 94.063187 -0.674359 -0.118955 0.728759 87.383614 0.000000 0.000000 0.000000 1.000000
0.745910 0.026026 0.665538 7.198326 -0.093322 0.993463 0.065742 93.531509 -0.659476 -0.111147 0.743463 91.085800 0.000000 0.000000 0.000000 1.000000
0.752793 0.021539 0.657905 8.681636 -0.086835 0.993979 0.066817 93.136230 -0.652504 -0.107429 0.750131 94.727043 0.000000 0.000000 0.000000 1.000000
0.746916 0.012883 0.664793 10.335395 -0.084645 0.993520 0.075848 93.036720 -0.659508 -0.112924 0.743167 98.187286 0.000000 0.000000 0.000000 1.000000
0.729358 0.002545 0.684127 12.143263 -0.087399 0.992146 0.089487 93.277618 -0.678526 -0.125060 0.723852 101.404007 0.000000 0.000000 0.000000 1.000000
0.706205 -0.006730 0.707975 13.921127 -0.090326 0.990927 0.099520 93.497345 -0.702222 -0.134230 0.699190 104.243828 0.000000 0.000000 0.000000 1.000000
0.680862 -0.010451 0.732337 15.567968 -0.092547 0.990656 0.100179 93.445732 -0.726541 -0.135983 0.673533 106.717316 0.000000 0.000000 0.000000 1.000000
0.652353 -0.008680 0.757866 17.038979 -0.095314 0.991056 0.093395 93.167702 -0.751898 -0.133162 0.645691 108.907272 0.000000 0.000000 0.000000 1.000000
0.618004 -0.005579 0.786155 18.435707 -0.100465 0.991216 0.086010 92.941742 -0.779729 -0.132136 0.612015 111.012253 0.000000 0.000000 0.000000 1.000000
0.577715 -0.004196 0.816228 19.835838 -0.108111 0.990783 0.081612 92.811775 -0.809047 -0.135391 0.571937 113.105209 0.000000 0.000000 0.000000 1.000000
0.528350 -0.014824 0.848897 21.583216 -0.112315 0.989840 0.087190 92.937340 -0.841565 -0.141411 0.521317 115.705963 0.000000 0.000000 0.000000 1.000000
0.486723 -0.034451 0.872877 23.182281 -0.110429 0.988779 0.100601 93.307381 -0.866548 -0.145356 0.477457 118.117455 0.000000 0.000000 0.000000 1.000000
0.463749 -0.053424 0.884354 24.245777 -0.105483 0.987751 0.114985 93.714134 -0.879665 -0.146608 0.452433 119.712463 0.000000 0.000000 0.000000 1.000000</float_array><technique_common><accessor source="#mixamorig_Hips-Matrix-animation-output-transform-array" count="37" stride="16"><param type="float4x4"/></accessor></technique_common></source><source id="mixamorig_Hips-Interpolations"><Name_array id="mixamorig_Hips-Interpolations-array" count="37">
 LINEAR LINEAR LINEAR LINEAR LINEAR LINEAR LINEAR LINEAR LINEAR LINEAR LINEAR
LINEAR LINEAR LINEAR LINEAR LINEAR LINEAR LINEAR LINEAR LINEAR LINEAR LINEAR LINEAR
LINEAR LINEAR LINEAR LINEAR LINEAR LINEAR LINEAR LINEAR LINEAR LINEAR LINEAR LINEAR
LINEAR LINEAR</Name_array><technique_common><accessor source="#mixamorig_Hips-Interpolations-array" count="37"><param type="name"/></accessor></technique_common></source><sampler id="mixamorig_Hips-Matrix-animation-transform"><input semantic="INPUT" source="#mixamorig_Hips-Matrix-animation-input"/><input semantic="OUTPUT" source="#mixamorig_Hips-Matrix-animation-output-transform"/><input semantic="INTERPOLATION" source="#mixamorig_Hips-Interpolations"/></sampler><channel source="#mixamorig_Hips-Matrix-animation-transform" target="mixamorig_Hips/matrix"/></animation>
    <animation id="mixamorig_Spine-anim" name="mixamorig_Spine"><source id="mixamorig_Spine-Matrix-animation-input"><float_array id="mixamorig_Spine-Matrix-animation-input-array" count="37">

0.000000 0.033333 0.066667 0.100000 0.133333 0.166667 0.200000 0.233333 0.266667 0.300000 0.333333 0.366667 0.400000 0.433333 0.466667 0.500000
0.533333 0.566667 0.600000 0.633333 0.666667 0.700000 0.733333 0.766667 0.800000 0.833333 0.866667 0.900000 0.933333 0.966667 1.000000 1.033333
1.066667 1.100000 1.133333 1.166667 1.200000</float_array><technique_common><accessor source="#mixamorig_Spine-Matrix-animation-input-array" count="37"><param name="TIME" type="float"/></accessor></technique_common></source><source id="mixamorig_Spine-Matrix-animation-output-transform"><float_array id="mixamorig_Spine-Matrix-animation-output-transform-array" count="592">

0.996981 -0.060014 0.049257 0.000000 0.061454 0.997710 -0.028264 10.181600 -0.047448 0.031205 0.998386 0.131500 0.000000 0.000000 0.000000 1.000000
0.996964 -0.062714 0.046153 0.000000 0.064160 0.997472 -0.030545 10.181600 -0.044120 0.033413 0.998467 0.131500 0.000000 0.000000 0.000000 1.000000
0.996936 -0.065394 0.042920 0.000000 0.066815 0.997235 -0.032529 10.181600 -0.040674 0.035297 0.998549 0.131500 0.000000 0.000000 0.000000 1.000000
0.996886 -0.068143 0.039678 -0.000000 0.069515 0.996992 -0.034270 10.181600 -0.037223 0.036922 0.998625 0.131500 0.000000 0.000000 0.000000 1.000000
0.996988 -0.067311 0.038517 0.000000 0.068636 0.997056 -0.034194 10.181600 -0.036102 0.036734 0.998673 0.131500 0.000000 0.000000 0.000000 1.000000
0.997164 -0.065659 0.036785 0.000000 0.066908 0.997186 -0.033812 10.181600 -0.034462 0.036177 0.998751 0.131500 0.000000 0.000000 0.000000 1.000000
0.997117 -0.067744 0.034179 -0.000000 0.068873 0.997079 -0.033002 10.181600 -0.031843 0.035261 0.998871 0.131500 0.000000 0.000000 0.000000 1.000000
0.996680 -0.075549 0.030342 0.000000 0.076522 0.996544 -0.032307 10.181600 -0.027796 0.034522 0.999017 0.131500 0.000000 0.000000 0.000000 1.000000
0.995685 -0.089299 0.025227 0.000000 0.090093 0.995410 -0.032287 10.181600 -0.022228 0.034420 0.999160 0.131500 0.000000 0.000000 0.000000 1.000000
0.994021 -0.107441 0.019473 0.000000 0.108039 0.993603 -0.032872 10.181600 -0.015817 0.034780 0.999270 0.131500 0.000000 0.000000 0.000000 1.000000
0.992235 -0.123523 0.014572 0.000000 0.123950 0.991725 -0.033441 10.181600 -0.010321 0.034988 0.999334 0.131500 0.000000 0.000000 0.000000 1.000000
0.991433 -0.130009 0.012558 0.000000 0.130363 0.990902 -0.033439 10.181600 -0.008096 0.034790 0.999362 0.131500 0.000000 0.000000 0.000000 1.000000
0.992020 -0.125296 0.014031 0.000000 0.125700 0.991518 -0.033044 10.181600 -0.009772 0.034544 0.999355 0.131500 0.000000 0.000000 0.000000 1.000000
0.993168 -0.115289 0.018041 0.000000 0.115832 0.992730 -0.032715 10.181600 -0.014138 0.034581 0.999302 0.131500 0.000000 0.000000 0.000000 1.000000
0.993821 -0.108529 0.023285 0.000000 0.109251 0.993486 -0.032396 10.181600 -0.019618 0.034740 0.999204 0.131500 0.000000 0.000000 0.000000 1.000000
0.993700 -0.108129 0.029472 0.000000 0.109041 0.993543 -0.031337 10.181600 -0.025894 0.034354 0.999074 0.131500 0.000000 0.000000 0.000000 1.000000
0.993261 -0.109852 0.036949 0.000000 0.110943 0.993406 -0.028913 10.181600 -0.033529 0.032817 0.998899 0.131500 0.000000 0.000000 0.000000 1.000000
0.993302 -0.106305 0.045289 0.000000 0.107540 0.993867 -0.025763 10.181600 -0.042272 0.030460 0.998642 0.131500 0.000000 0.000000 0.000000 1.000000
0.994216 -0.093465 0.052905 0.000000 0.094812 0.995216 -0.023562 10.181600 -0.050450 0.028442 0.998322 0.131500 0.000000 0.000000 0.000000 1.000000
0.995727 -0.071787 0.058084 -0.000000 0.073252 0.997036 -0.023505 10.181600 -0.056224 0.027659 0.998035 0.131500 0.000000 0.000000 0.000000 1.000000
0.997131 -0.045839 0.060240 0.000000 0.047425 0.998558 -0.025163 10.181600 -0.059000 0.027947 0.997867 0.131500 0.000000 0.000000 0.000000 1.000000
0.997869 -0.024237 0.060582 0.000000 0.025898 0.999306 -0.026781 10.181600 -0.059891 0.028293 0.997804 0.131500 0.000000 0.000000 0.000000 1.000000
0.998038 -0.011750 0.061501 0.000000 0.013440 0.999541 -0.027144 10.181600 -0.061154 0.027917 0.997738 0.131500 0.000000 0.000000 0.000000 1.000000
0.997864 -0.006840 0.064969 0.000000 0.008556 0.999621 -0.026158 10.181600 -0.064765 0.026658 0.997544 0.131500 0.000000 0.000000 0.000000 1.000000
0.997454 -0.003732 0.071215 0.000000 0.005486 0.999686 -0.024451 10.181600 -0.071101 0.024779 0.997161 0.131500 0.000000 0.000000 0.000000 1.000000
0.996889 0.000873 0.078810 -0.000000 0.000933 0.999738 -0.022882 10.181600 -0.078809 0.022885 0.996627 0.131500 0.000000 0.000000 0.000000 1.000000
0.996373 0.003797 0.085011 -0.000000 -0.001942 0.999758 -0.021894 10.181600 -0.085073 0.021650 0.996139 0.131500 0.000000 0.000000 0.000000 1.000000
0.996196 0.001983 0.087118 0.000000 -0.000103 0.999767 -0.021572 10.181600 -0.087141 0.021481 0.995964 0.131500 0.000000 0.000000 0.000000 1.000000
0.996405 -0.003745 0.084638 -0.000000 0.005582 0.999754 -0.021482 10.181600 -0.084537 0.021877 0.996180 0.131500 0.000000 0.000000 0.000000 1.000000
0.996709 -0.009637 0.080487 0.000000 0.011366 0.999714 -0.021042 10.181600 -0.080261 0.021887 0.996534 0.131500 0.000000 0.000000 0.000000 1.000000
0.996959 -0.015919 0.076278 0.000000 0.017502 0.999644 -0.020126 10.181600 -0.075931 0.021400 0.996883 0.131500 0.000000 0.000000 0.000000 1.000000
0.997116 -0.022505 0.072485 0.000000 0.023987 0.999519 -0.019645 10.181600 -0.072008 0.021327 0.997176 0.131500 0.000000 0.000000 0.000000 1.000000
0.997227 -0.029389 0.068377 -0.000000 0.030832 0.999322 -0.020138 10.181600 -0.067738 0.022191 0.997456 0.131500 0.000000 0.000000 0.000000 1.000000
0.997313 -0.036387 0.063579 0.000000 0.037812 0.999057 -0.021356 10.181600 -0.062742 0.023703 0.997748 0.131500 0.000000 0.000000 0.000000 1.000000
0.997322 -0.045275 0.057441 -0.000000 0.046698 0.998628 -0.023687 10.181600 -0.056290 0.026306 0.998068 0.131500 0.000000 0.000000 0.000000 1.000000
0.997184 -0.053781 0.052274 0.000000 0.055208 0.998130 -0.026254 10.181600 -0.050764 0.029066 0.998288 0.131500 0.000000 0.000000 0.000000 1.000000
0.996980 -0.060043 0.049255 0.000000 0.061483 0.997708 -0.028262 10.181600 -0.047445 0.031205 0.998386 0.131500 0.000000 0.000000 0.000000 1.000000</float_array><technique_common><accessor source="#mixamorig_Spine-Matrix-animation-output-transform-array" count="37" stride="16"><param type="float4x4"/></accessor></technique_common></source><source id="mixamorig_Spine-Interpolations"><Name_array id="mixamorig_Spine-Interpolations-array" count="37">
 LINEAR LINEAR LINEAR LINEAR LINEAR LINEAR LINEAR LINEAR LINEAR LINEAR LINEAR
LINEAR LINEAR LINEAR LINEAR LINEAR LINEAR LINEAR LINEAR LINEAR LINEAR LINEAR LINEAR
LINEAR LINEAR LINEAR LINEAR LINEAR LINEAR LINEAR LINEAR LINEAR LINEAR LINEAR LINEAR
LINEAR LINEAR</Name_array><technique_common><accessor source="#mixamorig_Spine-Interpolations-array" count="37"><param type="name"/></accessor></technique_common></source><sampler id="mixamorig_Spine-Matrix-animation-transform"><input semantic="INPUT" source="#mixamorig_Spine-Matrix-animation-input"/><input semantic="OUTPUT" source="#mixamorig_Spine-Matrix-animation-output-transform"/><input semantic="INTERPOLATION" source="#mixamorig_Spine-Interpolations"/></sampler><channel source="#mixamorig_Spine-Matrix-animation-transform" target="mixamorig_Spine/matrix"/></animation>
    <animation id="mixamorig_Spine1-anim" name="mixamorig_Spine1"><source id="mixamorig_Spine1-Matrix-animation-input"><float_array id="mixamorig_Spine1-Matrix-animation-input-array" count="37">

0.000000 0.033333 0.066667 0.100000 0.133333 0.166667 0.200000 0.233333 0.266667 0.300000 0.333333 0.366667 0.400000 0.433333 0.466667 0.500000
0.533333 0.566667 0.600000 0.633333 0.666667 0.700000 0.733333 0.766667 0.800000 0.833333 0.866667 0.900000 0.933333 0.966667 1.000000 1.033333
1.066667 1.100000 1.133333 1.166667 1.200000</float_array><technique_common><accessor source="#mixamorig_Spine1-Matrix-animation-input-array" count="37"><param name="TIME" type="float"/></accessor></technique_common></source><source id="mixamorig_Spine1-Matrix-animation-output-transform"><float_array id="mixamorig_Spine1-Matrix-animation-output-transform-array" count="592">

0.992638 -0.049781 0.110412 0.000000 0.056473 0.996699 -0.058328 10.083500 -0.107144 0.064134 0.992173 -1.000800 0.000000 0.000000 0.000000 1.000000
0.993323 -0.050753 0.103606 0.000000 0.057342 0.996450 -0.061643 10.083500 -0.100109 0.067173 0.992706 -1.000800 0.000000 0.000000 0.000000 1.000000
0.994098 -0.050315 0.096113 0.000000 0.056633 0.996330 -0.064182 10.083500 -0.092531 0.069247 0.993299 -1.000800 0.000000 0.000000 0.000000 1.000000
0.994813 -0.049094 0.089092 0.000000 0.055108 0.996273 -0.066351 10.083500 -0.085503 0.070916 0.993811 -1.000800 0.000000 0.000000 0.000000 1.000000
0.995030 -0.048594 0.086918 0.000000 0.054388 0.996364 -0.065577 10.083500 -0.083416 0.069978 0.994055 -1.000800 0.000000 0.000000 0.000000 1.000000
0.995199 -0.048885 0.084794 0.000000 0.054422 0.996448 -0.064264 10.083500 -0.081351 0.068570 0.994324 -1.000800 0.000000 0.000000 0.000000 1.000000
0.995415 -0.049104 0.082086 -0.000000 0.054266 0.996607 -0.061884 10.083500 -0.078769 0.066055 0.994702 -1.000800 0.000000 0.000000 0.000000 1.000000
0.995658 -0.049486 0.078843 0.000000 0.054228 0.996773 -0.059187 10.083500 -0.075660 0.063206 0.995128 -1.000800 0.000000 0.000000 0.000000 1.000000
0.995767 -0.052354 0.075550 0.000000 0.056759 0.996738 -0.057376 10.083500 -0.072299 0.061421 0.995490 -1.000800 0.000000 0.000000 0.000000 1.000000
0.995566 -0.059693 0.072692 0.000000 0.063904 0.996324 -0.057047 10.083500 -0.069020 0.061440 0.995722 -1.000800 0.000000 0.000000 0.000000 1.000000
0.995085 -0.069365 0.070669 0.000000 0.073517 0.995609 -0.057947 10.083500 -0.066339 0.062858 0.995815 -1.000800 0.000000 0.000000 0.000000 1.000000
0.994659 -0.075886 0.069968 0.000000 0.080098 0.995010 -0.059496 10.083500 -0.065104 0.064782 0.995773 -1.000800 0.000000 0.000000 0.000000 1.000000
0.994597 -0.075596 0.071145 0.000000 0.080013 0.994899 -0.061427 10.083500 -0.066139 0.066788 0.995573 -1.000800 0.000000 0.000000 0.000000 1.000000
0.994745 -0.069899 0.074812 0.000000 0.074704 0.995183 -0.063476 10.083500 -0.070015 0.068731 0.995175 -1.000800 0.000000 0.000000 0.000000 1.000000
0.994664 -0.063332 0.081445 -0.000000 0.068709 0.995517 -0.065001 10.083500 -0.076963 0.070250 0.994556 -1.000800 0.000000 0.000000 0.000000 1.000000
0.994120 -0.058702 0.090988 0.000000 0.064747 0.995785 -0.064962 10.083500 -0.086791 0.070471 0.993731 -1.000800 0.000000 0.000000 0.000000 1.000000
0.993243 -0.055093 0.102146 0.000000 0.061706 0.996120 -0.062752 10.083500 -0.098292 0.068631 0.992788 -1.000800 0.000000 0.000000 0.000000 1.000000
0.992431 -0.049853 0.112234 -0.000000 0.056774 0.996622 -0.059345 10.083500 -0.108896 0.065268 0.991908 -1.000800 0.000000 0.000000 0.000000 1.000000
0.992010 -0.042396 0.118818 0.000000 0.049411 0.997166 -0.056727 10.083500 -0.116077 0.062144 0.991294 -1.000800 0.000000 0.000000 0.000000 1.000000
0.992016 -0.033860 0.121485 0.000000 0.040907 0.997593 -0.055993 10.083500 -0.119296 0.060516 0.991013 -1.000800 0.000000 0.000000 0.000000 1.000000
0.992125 -0.026286 0.122460 -0.000000 0.033367 0.997865 -0.056135 10.083500 -0.120723 0.059779 0.990885 -1.000800 0.000000 0.000000 0.000000 1.000000
0.991899 -0.022365 0.125047 0.000000 0.029454 0.998045 -0.055130 10.083500 -0.123569 0.058366 0.990618 -1.000800 0.000000 0.000000 0.000000 1.000000
0.991070 -0.022825 0.131375 0.000000 0.029917 0.998185 -0.052269 10.083500 -0.129944 0.055733 0.989954 -1.000800 0.000000 0.000000 0.000000 1.000000
0.989601 -0.025110 0.141632 0.000000 0.032202 0.998328 -0.048006 10.083500 -0.140190 0.052067 0.988755 -1.000800 0.000000 0.000000 0.000000 1.000000
0.987685 -0.025304 0.154393 -0.000000 0.032315 0.998549 -0.043073 10.083500 -0.153079 0.047532 0.987070 -1.000800 0.000000 0.000000 0.000000 1.000000
0.985749 -0.021253 0.166875 0.000000 0.028122 0.998847 -0.038907 10.083500 -0.165855 0.043045 0.985210 -1.000800 0.000000 0.000000 0.000000 1.000000
0.984344 -0.014660 0.175647 0.000000 0.021539 0.999071 -0.037322 10.083500 -0.174937 0.040521 0.983745 -1.000800 0.000000 0.000000 0.000000 1.000000
0.983908 -0.009630 0.178416 -0.000000 0.016847 0.999098 -0.038984 10.083500 -0.177880 0.041362 0.983183 -1.000800 0.000000 0.000000 0.000000 1.000000
0.984436 -0.008868 0.175518 0.000000 0.016534 0.998970 -0.042262 10.083500 -0.174962 0.044506 0.983569 -1.000800 0.000000 0.000000 0.000000 1.000000
0.985460 -0.011737 0.169504 0.000000 0.019571 0.998812 -0.044624 10.083500 -0.168779 0.047292 0.984519 -1.000800 0.000000 0.000000 0.000000 1.000000
0.986532 -0.016072 0.162777 0.000000 0.023728 0.998696 -0.045200 10.083500 -0.161838 0.048453 0.985627 -1.000800 0.000000 0.000000 0.000000 1.000000
0.987599 -0.020916 0.155596 -0.000000 0.028285 0.998573 -0.045296 10.083500 -0.154426 0.049135 0.986782 -1.000800 0.000000 0.000000 0.000000 1.000000
0.988794 -0.026763 0.146865 0.000000 0.033879 0.998359 -0.046163 10.083500 -0.145389 0.050622 0.988079 -1.000800 0.000000 0.000000 0.000000 1.000000
0.990061 -0.033660 0.136554 0.000000 0.040512 0.998039 -0.047715 10.083500 -0.134680 0.052773 0.989483 -1.000800 0.000000 0.000000 0.000000 1.000000
0.991373 -0.041476 0.124337 0.000000 0.048123 0.997542 -0.050937 10.083500 -0.121918 0.056481 0.990932 -1.000800 0.000000 0.000000 0.000000 1.000000
0.992244 -0.047147 0.115021 0.000000 0.053735 0.997047 -0.054866 10.083500 -0.112094 0.060621 0.991847 -1.000800 0.000000 0.000000 0.000000 1.000000
0.992638 -0.049781 0.110412 -0.000000 0.056473 0.996699 -0.058328 10.083500 -0.107143 0.064134 0.992173 -1.000800 0.000000 0.000000 0.000000 1.000000</float_array><technique_common><accessor source="#mixamorig_Spine1-Matrix-animation-output-transform-array" count="37" stride="16"><param type="float4x4"/></accessor></technique_common></source><source id="mixamorig_Spine1-Interpolations"><Name_array id="mixamorig_Spine1-Interpolations-array" count="37">
 LINEAR LINEAR LINEAR LINEAR LINEAR LINEAR LINEAR LINEAR LINEAR LINEAR LINEAR
LINEAR LINEAR LINEAR LINEAR LINEAR LINEAR LINEAR LINEAR LINEAR LINEAR LINEAR LINEAR
LINEAR LINEAR LINEAR LINEAR LINEAR LINEAR LINEAR LINEAR LINEAR LINEAR LINEAR LINEAR
LINEAR LINEAR</Name_array><technique_common><accessor source="#mixamorig_Spine1-Interpolations-array" count="37"><param type="name"/></accessor></technique_common></source><sampler id="mixamorig_Spine1-Matrix-animation-transform"><input semantic="INPUT" source="#mixamorig_Spine1-Matrix-animation-input"/><input semantic="OUTPUT" source="#mixamorig_Spine1-Matrix-animation-output-transform"/><input semantic="INTERPOLATION" source="#mixamorig_Spine1-Interpolations"/></sampler><channel source="#mixamorig_Spine1-Matrix-animation-transform" target="mixamorig_Spine1/matrix"/></animation>
    <animation id="mixamorig_Spine2-anim" name="mixamorig_Spine2"><source id="mixamorig_Spine2-Matrix-animation-input"><float_array id="mixamorig_Spine2-Matrix-animation-input-array" count="37">

0.000000 0.033333 0.066667 0.100000 0.133333 0.166667 0.200000 0.233333 0.266667 0.300000 0.333333 0.366667 0.400000 0.433333 0.466667 0.500000
0.533333 0.566667 0.600000 0.633333 0.666667 0.700000 0.733333 0.766667 0.800000 0.833333 0.866667 0.900000 0.933333 0.966667 1.000000 1.033333
1.066667 1.100000 1.133333 1.166667 1.200000</float_array><technique_common><accessor source="#mixamorig_Spine2-Matrix-animation-input-array" count="37"><param name="TIME" type="float"/></accessor></technique_common></source><source id="mixamorig_Spine2-Matrix-animation-output-transform"><float_array id="mixamorig_Spine2-Matrix-animation-output-transform-array" count="592">

0.992583 -0.049612 0.110988 0.000000 0.056246 0.996762 -0.057466 9.100000 -0.107778 0.063282 0.992159 -1.373400 0.000000 0.000000 0.000000 1.000000
0.993265 -0.050690 0.104191 0.000000 0.057230 0.996510 -0.060772 9.100000 -0.100747 0.066326 0.992699 -1.373400 0.000000 0.000000 0.000000 1.000000
0.994041 -0.050375 0.096664 -0.000000 0.056652 0.996383 -0.063337 9.100000 -0.093124 0.068436 0.993300 -1.373400 0.000000 0.000000 0.000000 1.000000
0.994760 -0.049265 0.089586 0.000000 0.055246 0.996318 -0.065556 9.100000 -0.086027 0.070162 0.993819 -1.373400 0.000000 0.000000 0.000000 1.000000
0.994983 -0.048810 0.087331 0.000000 0.054572 0.996401 -0.064862 9.100000 -0.083851 0.069303 0.994065 -1.373400 0.000000 0.000000 0.000000 1.000000
0.995156 -0.049125 0.085156 0.000000 0.054633 0.996479 -0.063600 9.100000 -0.081731 0.067944 0.994336 -1.373400 0.000000 0.000000 0.000000 1.000000
0.995371 -0.049382 0.082454 0.000000 0.054512 0.996637 -0.061179 9.100000 -0.079156 0.065390 0.994715 -1.373400 0.000000 0.000000 0.000000 1.000000
0.995606 -0.049830 0.079279 0.000000 0.054535 0.996807 -0.058328 9.100000 -0.076119 0.062395 0.995145 -1.373400 0.000000 0.000000 0.000000 1.000000
0.995703 -0.052782 0.076083 0.000000 0.057141 0.996778 -0.056291 9.100000 -0.072866 0.060396 0.995511 -1.373400 0.000000 0.000000 0.000000 1.000000
0.995492 -0.060180 0.073314 0.000000 0.064339 0.996370 -0.055748 9.100000 -0.069693 0.060213 0.995750 -1.373400 0.000000 0.000000 0.000000 1.000000
0.995003 -0.069841 0.071354 0.000000 0.073942 0.995658 -0.056545 9.100000 -0.067095 0.061539 0.995847 -1.373400 0.000000 0.000000 0.000000 1.000000
0.994579 -0.076268 0.070683 0.000000 0.080439 0.995061 -0.058164 9.100000 -0.065898 0.063534 0.995802 -1.373400 0.000000 0.000000 0.000000 1.000000
0.994527 -0.075847 0.071856 -0.000000 0.080235 0.994951 -0.060288 9.100000 -0.066920 0.065723 0.995591 -1.373400 0.000000 0.000000 0.000000 1.000000
0.994683 -0.070037 0.075498 0.000000 0.074821 0.995235 -0.062520 9.100000 -0.070760 0.067836 0.995184 -1.373400 0.000000 0.000000 0.000000 1.000000
0.994603 -0.063390 0.082134 -0.000000 0.068744 0.995573 -0.064096 9.100000 -0.077708 0.069396 0.994558 -1.373400 0.000000 0.000000 0.000000 1.000000
0.994053 -0.058674 0.091736 0.000000 0.064682 0.995854 -0.063957 9.100000 -0.087603 0.069510 0.993727 -1.373400 0.000000 0.000000 0.000000 1.000000
0.993168 -0.054923 0.102960 -0.000000 0.061478 0.996206 -0.061601 9.100000 -0.099186 0.067510 0.992776 -1.373400 0.000000 0.000000 0.000000 1.000000
0.992356 -0.049495 0.113046 0.000000 0.056338 0.996716 -0.058162 9.100000 -0.109796 0.064086 0.991886 -1.373400 0.000000 0.000000 0.000000 1.000000
0.991948 -0.041888 0.119515 0.000000 0.048824 0.997253 -0.055708 9.100000 -0.116853 0.061095 0.991268 -1.373400 0.000000 0.000000 0.000000 1.000000
0.991973 -0.033338 0.121976 0.000000 0.040329 0.997655 -0.055302 9.100000 -0.119847 0.059778 0.990991 -1.373400 0.000000 0.000000 0.000000 1.000000
0.992104 -0.025922 0.122710 0.000000 0.032976 0.997897 -0.055812 9.100000 -0.121005 0.059417 0.990872 -1.373400 0.000000 0.000000 0.000000 1.000000
0.991895 -0.022251 0.125099 0.000000 0.029336 0.998051 -0.055080 9.100000 -0.123629 0.058303 0.990614 -1.373400 0.000000 0.000000 0.000000 1.000000
0.991075 -0.022940 0.131315 0.000000 0.030041 0.998177 -0.052355 9.100000 -0.129875 0.055832 0.989957 -1.373400 0.000000 0.000000 0.000000 1.000000
0.989609 -0.025390 0.141524 0.000000 0.032498 0.998312 -0.048146 9.100000 -0.140063 0.052245 0.988763 -1.373400 0.000000 0.000000 0.000000 1.000000
0.987695 -0.025724 0.154265 -0.000000 0.032761 0.998527 -0.043252 9.100000 -0.152925 0.047774 0.987082 -1.373400 0.000000 0.000000 0.000000 1.000000
0.985759 -0.021796 0.166744 0.000000 0.028704 0.998822 -0.039127 9.100000 -0.165695 0.043356 0.985224 -1.373400 0.000000 0.000000 0.000000 1.000000
0.984355 -0.015206 0.175538 0.000000 0.022131 0.999049 -0.037560 9.100000 -0.174800 0.040857 0.983756 -1.373400 0.000000 0.000000 0.000000 1.000000
0.983918 -0.009975 0.178340 0.000000 0.017236 0.999082 -0.039208 9.100000 -0.177785 0.041652 0.983188 -1.373400 0.000000 0.000000 0.000000 1.000000
0.984444 -0.008858 0.175476 0.000000 0.016557 0.998961 -0.042462 9.100000 -0.174918 0.044707 0.983568 -1.373400 0.000000 0.000000 0.000000 1.000000
0.985464 -0.011352 0.169502 0.000000 0.019208 0.998812 -0.044784 9.100000 -0.168793 0.047388 0.984512 -1.373400 0.000000 0.000000 0.000000 1.000000
0.986532 -0.015422 0.162837 0.000000 0.023084 0.998708 -0.045267 9.100000 -0.161929 0.048417 0.985614 -1.373400 0.000000 0.000000 0.000000 1.000000
0.987592 -0.020183 0.155740 0.000000 0.027536 0.998598 -0.045205 9.100000 -0.154609 0.048932 0.986763 -1.373400 0.000000 0.000000 0.000000 1.000000
0.988777 -0.026083 0.147106 0.000000 0.033161 0.998397 -0.045874 9.100000 -0.145674 0.050237 0.988056 -1.373400 0.000000 0.000000 0.000000 1.000000
0.990034 -0.033108 0.136879 0.000000 0.039909 0.998086 -0.047244 9.100000 -0.135053 0.052235 0.989461 -1.373400 0.000000 0.000000 0.000000 1.000000
0.991336 -0.041100 0.124757 -0.000000 0.047689 0.997595 -0.050294 9.100000 -0.122390 0.055808 0.990912 -1.373400 0.000000 0.000000 0.000000 1.000000
0.992196 -0.046909 0.115527 0.000000 0.053440 0.997105 -0.054094 9.100000 -0.112655 0.059845 0.991830 -1.373400 0.000000 0.000000 0.000000 1.000000
0.992583 -0.049612 0.110988 0.000000 0.056246 0.996762 -0.057466 9.100000 -0.107778 0.063282 0.992159 -1.373400 0.000000 0.000000 0.000000 1.000000</float_array><technique_common><accessor source="#mixamorig_Spine2-Matrix-animation-output-transform-array" count="37" stride="16"><param type="float4x4"/></accessor></technique_common></source><source id="mixamorig_Spine2-Interpolations"><Name_array id="mixamorig_Spine2-Interpolations-array" count="37">
 LINEAR LINEAR LINEAR LINEAR LINEAR LINEAR LINEAR LINEAR LINEAR LINEAR LINEAR
LINEAR LINEAR LINEAR LINEAR LINEAR LINEAR LINEAR LINEAR LINEAR LINEAR LINEAR LINEAR
LINEAR LINEAR LINEAR LINEAR LINEAR LINEAR LINEAR LINEAR LINEAR LINEAR LINEAR LINEAR
LINEAR LINEAR</Name_array><technique_common><accessor source="#mixamorig_Spine2-Interpolations-array" count="37"><param type="name"/></accessor></technique_common></source><sampler id="mixamorig_Spine2-Matrix-animation-transform"><input semantic="INPUT" source="#mixamorig_Spine2-Matrix-animation-input"/><input semantic="OUTPUT" source="#mixamorig_Spine2-Matrix-animation-output-transform"/><input semantic="INTERPOLATION" source="#mixamorig_Spine2-Interpolations"/></sampler><channel source="#mixamorig_Spine2-Matrix-animation-transform" target="mixamorig_Spine2/matrix"/></animation>
    <animation id="mixamorig_Neck-anim" name="mixamorig_Neck"><source id="mixamorig_Neck-Matrix-animation-input"><float_array id="mixamorig_Neck-Matrix-animation-input-array" count="37">

0.000000 0.033333 0.066667 0.100000 0.133333 0.166667 0.200000 0.233333 0.266667 0.300000 0.333333 0.366667 0.400000 0.433333 0.466667 0.500000
0.533333 0.566667 0.600000 0.633333 0.666667 0.700000 0.733333 0.766667 0.800000 0.833333 0.866667 0.900000 0.933333 0.966667 1.000000 1.033333
1.066667 1.100000 1.133333 1.166667 1.200000</float_array><technique_common><accessor source="#mixamorig_Neck-Matrix-animation-input-array" count="37"><param name="TIME" type="float"/></accessor></technique_common></source><source id="mixamorig_Neck-Matrix-animation-output-transform"><float_array id="mixamorig_Neck-Matrix-animation-output-transform-array" count="592">

0.992978 0.108444 -0.047272 -0.000000 -0.115546 0.974776 -0.190947 16.671700 0.025373 0.195068 0.980461 -2.516200 0.000000 0.000000 0.000000 1.000000
0.992482 0.113150 -0.046662 0.000000 -0.120078 0.973973 -0.192245 16.671700 0.023695 0.196403 0.980237 -2.516200 0.000000 0.000000 0.000000 1.000000
0.991938 0.118006 -0.046190 0.000000 -0.124756 0.973336 -0.192491 16.671700 0.022243 0.196702 0.980211 -2.516200 0.000000 0.000000 0.000000 1.000000
0.991301 0.123321 -0.045979 -0.000000 -0.129938 0.972588 -0.192843 16.671700 0.020937 0.197140 0.980152 -2.516200 0.000000 0.000000 0.000000 1.000000
0.991146 0.124414 -0.046376 -0.000000 -0.131100 0.972329 -0.193363 16.671700 0.021036 0.197731 0.980031 -2.516200 0.000000 0.000000 0.000000 1.000000
0.991072 0.124763 -0.047016 0.000000 -0.131601 0.971963 -0.194859 16.671700 0.021386 0.199306 0.979704 -2.516200 0.000000 0.000000 0.000000 1.000000
0.991171 0.123772 -0.047535 0.000000 -0.130751 0.971923 -0.195625 16.671700 0.021987 0.200113 0.979526 -2.516200 0.000000 0.000000 0.000000 1.000000
0.991446 0.121540 -0.047580 -0.000000 -0.128559 0.972317 -0.195119 16.671700 0.022548 0.199567 0.979625 -2.516200 0.000000 0.000000 0.000000 1.000000
0.991831 0.118495 -0.047231 0.000000 -0.125490 0.972835 -0.194538 16.671700 0.022896 0.198875 0.979757 -2.516200 0.000000 0.000000 0.000000 1.000000
0.992263 0.114820 -0.047225 0.000000 -0.121893 0.973218 -0.194909 16.671700 0.023580 0.199158 0.979684 -2.516200 0.000000 0.000000 0.000000 1.000000
0.992697 0.110553 -0.048282 0.000000 -0.117930 0.973613 -0.195370 16.671700 0.025410 0.199637 0.979540 -2.516200 0.000000 0.000000 0.000000 1.000000
0.993074 0.106280 -0.050091 -0.000000 -0.114081 0.974205 -0.194706 16.671700 0.028105 0.199072 0.979582 -2.516200 0.000000 0.000000 0.000000 1.000000
0.993382 0.102689 -0.051441 0.000000 -0.110788 0.974846 -0.193393 16.671700 0.030288 0.197813 0.979772 -2.516200 0.000000 0.000000 0.000000 1.000000
0.993669 0.099868 -0.051461 0.000000 -0.108005 0.975274 -0.192812 16.671700 0.030933 0.197149 0.979885 -2.516200 0.000000 0.000000 0.000000 1.000000
0.993971 0.097256 -0.050626 0.000000 -0.105290 0.975487 -0.193232 16.671700 0.030592 0.197398 0.979846 -2.516200 0.000000 0.000000 0.000000 1.000000
0.994287 0.094196 -0.050197 0.000000 -0.102226 0.975656 -0.194023 16.671700 0.030698 0.198046 0.979712 -2.516200 0.000000 0.000000 0.000000 1.000000
0.994620 0.090285 -0.050785 0.000000 -0.098534 0.975861 -0.194899 16.671700 0.031963 0.198855 0.979508 -2.516200 0.000000 0.000000 0.000000 1.000000
0.994999 0.085441 -0.051735 0.000000 -0.093985 0.976223 -0.195333 16.671700 0.033815 0.199218 0.979372 -2.516200 0.000000 0.000000 0.000000 1.000000
0.995403 0.080453 -0.051956 0.000000 -0.089096 0.976901 -0.194231 16.671700 0.035129 0.197967 0.979579 -2.516200 0.000000 0.000000 0.000000 1.000000
0.995805 0.075764 -0.051300 -0.000000 -0.084248 0.977959 -0.191043 16.671700 0.035695 0.194564 0.980240 -2.516200 0.000000 0.000000 0.000000 1.000000
0.996152 0.071763 -0.050317 0.000000 -0.079999 0.978998 -0.187519 16.671700 0.035803 0.190822 0.980971 -2.516200 0.000000 0.000000 0.000000 1.000000
0.996308 0.070107 -0.049551 0.000000 -0.078176 0.979403 -0.186165 16.671700 0.035479 0.189351 0.981268 -2.516200 0.000000 0.000000 0.000000 1.000000
0.996229 0.071672 -0.048891 0.000000 -0.079632 0.979059 -0.187358 16.671700 0.034439 0.190545 0.981074 -2.516200 0.000000 0.000000 0.000000 1.000000
0.996014 0.075270 -0.047852 -0.000000 -0.083034 0.978397 -0.189326 16.671700 0.032568 0.192545 0.980748 -2.516200 0.000000 0.000000 0.000000 1.000000
0.995811 0.078873 -0.046262 0.000000 -0.086286 0.977998 -0.189932 16.671700 0.030263 0.193128 0.980707 -2.516200 0.000000 0.000000 0.000000 1.000000
0.995689 0.081452 -0.044381 0.000000 -0.088413 0.978093 -0.188461 16.671700 0.028058 0.191572 0.981077 -2.516200 0.000000 0.000000 0.000000 1.000000
0.995586 0.083639 -0.042585 0.000000 -0.090163 0.978320 -0.186440 16.671700 0.026068 0.189457 0.981543 -2.516200 0.000000 0.000000 0.000000 1.000000
0.995392 0.086694 -0.040984 -0.000000 -0.092852 0.978150 -0.186013 16.671700 0.023962 0.188961 0.981692 -2.516200 0.000000 0.000000 0.000000 1.000000
0.995070 0.090975 -0.039483 0.000000 -0.096797 0.977573 -0.187032 16.671700 0.021583 0.189932 0.981560 -2.516200 0.000000 0.000000 0.000000 1.000000
0.994692 0.095504 -0.038289 -0.000000 -0.101018 0.977157 -0.186973 16.671700 0.019558 0.189848 0.981619 -2.516200 0.000000 0.000000 0.000000 1.000000
0.994401 0.098594 -0.038014 0.000000 -0.103948 0.977366 -0.184256 16.671700 0.018987 0.187176 0.982143 -2.516200 0.000000 0.000000 0.000000 1.000000
0.994307 0.099153 -0.039015 0.000000 -0.104611 0.977977 -0.180604 16.671700 0.020249 0.183657 0.982782 -2.516200 0.000000 0.000000 0.000000 1.000000
0.994378 0.097677 -0.040891 0.000000 -0.103471 0.978369 -0.179133 16.671700 0.022510 0.182357 0.982975 -2.516200 0.000000 0.000000 0.000000 1.000000
0.994490 0.095625 -0.042955 -0.000000 -0.101864 0.978278 -0.180542 16.671700 0.024758 0.183923 0.982629 -2.516200 0.000000 0.000000 0.000000 1.000000
0.994243 0.097244 -0.045000 0.000000 -0.103936 0.977342 -0.184391 16.671700 0.026050 0.188006 0.981822 -2.516200 0.000000 0.000000 0.000000 1.000000
0.993639 0.102544 -0.046551 0.000000 -0.109541 0.976002 -0.188202 16.671700 0.026135 0.192104 0.981027 -2.516200 0.000000 0.000000 0.000000 1.000000
0.992978 0.108444 -0.047272 0.000000 -0.115546 0.974776 -0.190947 16.671700 0.025372 0.195068 0.980461 -2.516200 0.000000 0.000000 0.000000 1.000000</float_array><technique_common><accessor source="#mixamorig_Neck-Matrix-animation-output-transform-array" count="37" stride="16"><param type="float4x4"/></accessor></technique_common></source><source id="mixamorig_Neck-Interpolations"><Name_array id="mixamorig_Neck-Interpolations-array" count="37">
 LINEAR LINEAR LINEAR LINEAR LINEAR LINEAR LINEAR LINEAR LINEAR LINEAR LINEAR
LINEAR LINEAR LINEAR LINEAR LINEAR LINEAR LINEAR LINEAR LINEAR LINEAR LINEAR LINEAR
LINEAR LINEAR LINEAR LINEAR LINEAR LINEAR LINEAR LINEAR LINEAR LINEAR LINEAR LINEAR
LINEAR LINEAR</Name_array><technique_common><accessor source="#mixamorig_Neck-Interpolations-array" count="37"><param type="name"/></accessor></technique_common></source><sampler id="mixamorig_Neck-Matrix-animation-transform"><input semantic="INPUT" source="#mixamorig_Neck-Matrix-animation-input"/><input semantic="OUTPUT" source="#mixamorig_Neck-Matrix-animation-output-transform"/><input semantic="INTERPOLATION" source="#mixamorig_Neck-Interpolations"/></sampler><channel source="#mixamorig_Neck-Matrix-animation-transform" target="mixamorig_Neck/matrix"/></animation>
    <animation id="mixamorig_Head-anim" name="mixamorig_Head"><source id="mixamorig_Head-Matrix-animation-input"><float_array id="mixamorig_Head-Matrix-animation-input-array" count="37">

0.000000 0.033333 0.066667 0.100000 0.133333 0.166667 0.200000 0.233333 0.266667 0.300000 0.333333 0.366667 0.400000 0.433333 0.466667 0.500000
0.533333 0.566667 0.600000 0.633333 0.666667 0.700000 0.733333 0.766667 0.800000 0.833333 0.866667 0.900000 0.933333 0.966667 1.000000 1.033333
1.066667 1.100000 1.133333 1.166667 1.200000</float_array><technique_common><accessor source="#mixamorig_Head-Matrix-animation-input-array" count="37"><param name="TIME" type="float"/></accessor></technique_common></source><source id="mixamorig_Head-Matrix-animation-output-transform"><float_array id="mixamorig_Head-Matrix-animation-output-transform-array" count="592">

0.936867 0.022744 -0.348944 0.000000 -0.074688 0.987871 -0.136137 9.617900 0.341616 0.153605 0.927202 1.685000 0.000000 0.000000 0.000000 1.000000
0.934961 0.014759 -0.354444 0.000000 -0.072911 0.985798 -0.151280 9.617900 0.347178 0.167284 0.922759 1.685000 0.000000 0.000000 0.000000 1.000000
0.932757 0.008557 -0.360403 0.000000 -0.072469 0.983761 -0.164201 9.617900 0.353146 0.179278 0.918231 1.685000 0.000000 0.000000 0.000000 1.000000
0.930138 0.005466 -0.367169 -0.000000 -0.074792 0.981749 -0.174854 9.617900 0.359513 0.190100 0.913571 1.685000 0.000000 0.000000 0.000000 1.000000
0.929740 0.011832 -0.368027 0.000000 -0.080160 0.982016 -0.170935 9.617900 0.359386 0.188426 0.913968 1.685000 0.000000 0.000000 0.000000 1.000000
0.929173 0.017736 -0.369220 0.000000 -0.084922 0.982373 -0.166525 9.617900 0.359758 0.186086 0.914301 1.685000 0.000000 0.000000 0.000000 1.000000
0.929001 0.020982 -0.369482 0.000000 -0.087683 0.982443 -0.164674 9.617900 0.359540 0.185380 0.914530 1.685000 0.000000 0.000000 0.000000 1.000000
0.929596 0.019513 -0.368063 0.000000 -0.087015 0.981989 -0.167709 9.617900 0.358161 0.187929 0.914551 1.685000 0.000000 0.000000 0.000000 1.000000
