<?xml version="1.0" encoding="utf-8"?>
<COLLADA xmlns="http://www.collada.org/2005/11/COLLADASchema" version="1.4.1">
  <asset><contributor><author>Mixamo</author><authoring_tool>COLLADA Mixamo exporter</authoring_tool><comments></comments></contributor><created>2018-10-30T14:53:51Z</created><modified>2018-10-30T14:53:51Z</modified><revision></revision><title></title><unit meter="0.010000"/><up_axis>Y_UP</up_axis></asset>
  <library_animations>
    <animation id="mixamorig_Hips-anim" name="mixamorig_Hips"><source id="mixamorig_Hips-Matrix-animation-input"><float_array id="mixamorig_Hips-Matrix-animation-input-array" count="31">

0.000000 0.033333 0.066667 0.100000 0.133333 0.166667 0.200000 0.233333 0.266667 0.300000 0.333333 0.366667 0.400000 0.433333 0.466667 0.500000
0.533333 0.566667 0.600000 0.633333 0.666667 0.700000 0.733333 0.766667 0.800000 0.833333 0.866667 0.900000 0.933333 0.966667 1.000000</float_array><technique_common><accessor source="#mixamorig_Hips-Matrix-animation-input-array" count="31"><param name="TIME" type="float"/></accessor></technique_common></source><source id="mixamorig_Hips-Matrix-animation-output-transform"><float_array id="mixamorig_Hips-Matrix-animation-output-transform-array" count="496">

0.575268 0.069844 -0.814978 0.728481 0.033499 0.993500 0.108789 84.075317 0.817279 -0.089883 0.569189 -0.769029 0.000000 0.000000 0.000000 1.000000
0.615096 0.065226 -0.785750 0.859968 0.031656 0.993726 0.107272 83.868752 0.787817 -0.090856 0.609172 0.207908 0.000000 0.000000 0.000000 1.000000
0.653514 0.060138 -0.754521 1.113242 0.030306 0.993961 0.105471 83.484131 0.756307 -0.091793 0.647745 1.279179 0.000000 0.000000 0.000000 1.000000
0.690383 0.056240 -0.721255 1.429774 0.027013 0.994275 0.103385 83.062363 0.722940 -0.090859 0.684911 2.643194 0.000000 0.000000 0.000000 1.000000
0.725783 0.052627 -0.685907 1.761785 0.023349 0.994610 0.101020 82.663986 0.687527 -0.089334 0.720643 4.413976 0.000000 0.000000 0.000000 1.000000
0.759761 0.049114 -0.648345 2.093338 0.019644 0.994954 0.098390 82.377571 0.649906 -0.087489 0.754962 6.462770 0.000000 0.000000 0.000000 1.000000
0.792312 0.045457 -0.608421 2.427820 0.016242 0.995296 0.095513 82.221283 0.609900 -0.085558 0.787846 8.354844 0.000000 0.000000 0.000000 1.000000
0.823260 0.041466 -0.566148 2.735433 0.013399 0.995631 0.092406 82.150055 0.567506 -0.083660 0.819108 9.695125 0.000000 0.000000 0.000000 1.000000
0.852224 0.037322 -0.521844 2.909725 0.010940 0.995963 0.089097 82.106712 0.523062 -0.081640 0.848376 10.485081 0.000000 0.000000 0.000000 1.000000
0.878789 0.033376 -0.476041 2.811495 0.008546 0.996290 0.085628 82.053032 0.477133 -0.079318 0.875244 11.026903 0.000000 0.000000 0.000000 1.000000
0.902773 0.029883 -0.429078 2.378579 0.006010 0.996610 0.082052 81.993950 0.430076 -0.076653 0.899533 11.565328 0.000000 0.000000 0.000000 1.000000
0.924293 0.026947 -0.380730 1.648368 0.003238 0.996915 0.078419 81.982742 0.381669 -0.073715 0.921355 12.089486 0.000000 0.000000 0.000000 1.000000
0.943424 0.024369 -0.330692 0.681401 0.000453 0.997200 0.074779 82.080536 0.331588 -0.070698 0.940772 12.451733 0.000000 0.000000 0.000000 1.000000
0.959803 0.022256 -0.279789 -0.478328 -0.002373 0.997459 0.071204 82.328255 0.280663 -0.067678 0.957417 12.594484 0.000000 0.000000 0.000000 1.000000
0.972936 0.020785 -0.230136 -1.794062 -0.005274 0.997684 0.067809 82.719437 0.231013 -0.064760 0.970793 12.592892 0.000000 0.000000 0.000000 1.000000
0.983040 0.018844 -0.182419 -3.220254 -0.007124 0.997880 0.064691 83.183159 0.183251 -0.062294 0.981090 12.561836 0.000000 0.000000 0.000000 1.000000
0.991047 0.015097 -0.132659 -4.674955 -0.006929 0.998063 0.061819 83.616165 0.133335 -0.060347 0.989232 12.494762 0.000000 0.000000 0.000000 1.000000
0.997076 0.010998 -0.075619 -6.012528 -0.006529 0.998231 0.059095 83.948456 0.076136 -0.058428 0.995384 12.237637 0.000000 0.000000 0.000000 1.000000
0.999872 0.007384 -0.014179 -7.068840 -0.006570 0.998374 0.056632 84.142799 0.014574 -0.056531 0.998294 11.784059 0.000000 0.000000 0.000000 1.000000
0.999014 0.003541 0.044256 -7.633018 -0.005972 0.998473 0.054916 84.216377 -0.043994 -0.055127 0.997510 11.171517 0.000000 0.000000 0.000000 1.000000
0.995288 -0.001166 0.096957 -7.620013 -0.004161 0.998493 0.054724 84.176224 -0.096875 -0.054870 0.993783 10.448416 0.000000 0.000000 0.000000 1.000000
0.988626 -0.008309 0.150164 -7.045870 -0.000244 0.998383 0.056848 84.026108 -0.150394 -0.056238 0.987025 9.578196 0.000000 0.000000 0.000000 1.000000
0.977702 -0.017724 0.209248 -6.120333 0.004883 0.998081 0.061725 83.775276 -0.209941 -0.059327 0.975913 8.452314 0.000000 0.000000 0.000000 1.000000
0.960749 -0.030391 0.275750 -4.964515 0.011636 0.997521 0.069397 83.536324 -0.277175 -0.063464 0.958721 6.989012 0.000000 0.000000 0.000000 1.000000
0.935691 -0.045536 0.349870 -3.739973 0.018773 0.996657 0.079508 83.417656 -0.352321 -0.067827 0.933418 5.154157 0.000000 0.000000 0.000000 1.000000
0.902819 -0.061784 0.425559 -2.591362 0.025339 0.995548 0.090781 83.465424 -0.429273 -0.071175 0.900366 3.153793 0.000000 0.000000 0.000000 1.000000
0.867665 -0.075970 0.491311 -1.690743 0.029812 0.994428 0.101116 83.598946 -0.496255 -0.073088 0.865095 1.384172 0.000000 0.000000 0.000000 1.000000
0.838836 -0.085712 0.537594 -1.143335 0.032028 0.993587 0.108439 83.736298 -0.543441 -0.073744 0.836202 0.146456 0.000000 0.000000 0.000000 1.000000
0.823860 -0.089304 0.559713 -0.892754 0.032319 0.993304 0.110913 83.850235 -0.565871 -0.073287 0.821230 -0.442273 0.000000 0.000000 0.000000 1.000000
0.818451 -0.089987 0.567486 -0.793842 0.033070 0.993400 0.109830 83.999451 -0.573624 -0.071124 0.816025 -0.672056 0.000000 0.000000 0.000000 1.000000
0.817320 -0.089878 0.569131 -0.768972 0.033499 0.993500 0.108789 84.075294 -0.575210 -0.069850 0.815018 -0.728594 0.000000 0.000000 0.000000 1.000000</float_array><technique_common><accessor source="#mixamorig_Hips-Matrix-animation-output-transform-array" count="31" stride="16"><param type="float4x4"/></accessor></technique_common></source><source id="mixamorig_Hips-Interpolations"><Name_array id="mixamorig_Hips-Interpolations-array" count="31">
 LINEAR LINEAR LINEAR LINEAR LINEAR LINEAR LINEAR LINEAR LINEAR LINEAR LINEAR
LINEAR LINEAR LINEAR LINEAR LINEAR LINEAR LINEAR LINEAR LINEAR LINEAR LINEAR LINEAR
LINEAR LINEAR LINEAR LINEAR LINEAR LINEAR LINEAR LINEAR</Name_array><technique_common><accessor source="#mixamorig_Hips-Interpolations-array" count="31"><param type="name"/></accessor></technique_common></source><sampler id="mixamorig_Hips-Matrix-animation-transform"><input semantic="INPUT" source="#mixamorig_Hips-Matrix-animation-input"/><input semantic="OUTPUT" source="#mixamorig_Hips-Matrix-animation-output-transform"/><input semantic="INTERPOLATION" source="#mixamorig_Hips-Interpolations"/></sampler><channel source="#mixamorig_Hips-Matrix-animation-transform" target="mixamorig_Hips/matrix"/></animation>
    <animation id="mixamorig_Spine-anim" name="mixamorig_Spine"><source id="mixamorig_Spine-Matrix-animation-input"><float_array id="mixamorig_Spine-Matrix-animation-input-array" count="31">

0.000000 0.033333 0.066667 0.100000 0.133333 0.166667 0.200000 0.233333 0.266667 0.300000 0.333333 0.366667 0.400000 0.433333 0.466667 0.500000
0.533333 0.566667 0.600000 0.633333 0.666667 0.700000 0.733333 0.766667 0.800000 0.833333 0.866667 0.900000 0.933333 0.966667 1.000000</float_array><technique_common><accessor source="#mixamorig_Spine-Matrix-animation-input-array" count="31"><param name="TIME" type="float"/></accessor></technique_common></source><source id="mixamorig_Spine-Matrix-animation-output-transform"><float_array id="mixamorig_Spine-Matrix-animation-output-transform-array" count="496">

0.999917 -0.009493 0.008700 0.005100 0.010252 0.995722 -0.091831 8.712000 -0.007791 0.091913 0.995737 -0.691000 0.000000 0.000000 0.000000 1.000000
0.999907 -0.011733 0.006880 0.005100 0.012309 0.995802 -0.090700 8.712000 -0.005786 0.090776 0.995855 -0.691000 0.000000 0.000000 0.000000 1.000000
0.999926 -0.010248 0.006486 0.005100 0.010795 0.995816 -0.090737 8.712000 -0.005529 0.090801 0.995854 -0.691000 0.000000 0.000000 0.000000 1.000000
0.999938 -0.008994 0.006625 0.005100 0.009560 0.995801 -0.091044 8.712000 -0.005778 0.091101 0.995825 -0.691000 0.000000 0.000000 0.000000 1.000000
0.999949 -0.007134 0.007114 0.005100 0.007755 0.995775 -0.091500 8.712000 -0.006431 0.091550 0.995780 -0.691000 0.000000 0.000000 0.000000 1.000000
0.999955 -0.005229 0.007894 0.005100 0.005935 0.995723 -0.092202 8.712000 -0.007378 0.092245 0.995709 -0.691000 0.000000 0.000000 0.000000 1.000000
0.999955 -0.003232 0.008877 0.005100 0.004045 0.995645 -0.093138 8.712000 -0.008537 0.093170 0.995614 -0.691000 0.000000 0.000000 0.000000 1.000000
0.999951 -0.000565 0.009930 0.005100 0.001498 0.995552 -0.094200 8.712000 -0.009832 0.094210 0.995504 -0.691000 0.000000 0.000000 0.000000 1.000000
0.999936 0.002377 0.011091 0.005100 -0.001309 0.995445 -0.095331 8.712000 -0.011267 0.095311 0.995384 -0.691000 0.000000 0.000000 0.000000 1.000000
0.999912 0.005118 0.012264 0.005100 -0.003912 0.995334 -0.096414 8.712000 -0.012700 0.096358 0.995266 -0.691000 0.000000 0.000000 0.000000 1.000000
0.999883 0.007299 0.013473 0.005100 -0.005951 0.995221 -0.097466 8.712000 -0.014120 0.097374 0.995148 -0.691000 0.000000 0.000000 0.000000 1.000000
0.999853 0.008824 0.014701 0.005100 -0.007335 0.995119 -0.098410 8.712000 -0.015497 0.098288 0.995037 -0.691000 0.000000 0.000000 0.000000 1.000000
0.999823 0.010040 0.015902 0.005100 -0.008415 0.995037 -0.099151 8.712000 -0.016819 0.099000 0.994945 -0.691000 0.000000 0.000000 0.000000 1.000000
0.999805 0.010479 0.016735 0.005100 -0.008763 0.994993 -0.099559 8.712000 -0.017694 0.099393 0.994891 -0.691000 0.000000 0.000000 0.000000 1.000000
0.999798 0.010032 0.017418 0.005100 -0.008246 0.994976 -0.099769 8.712000 -0.018331 0.099605 0.994858 -0.691000 0.000000 0.000000 0.000000 1.000000
0.999783 0.009998 0.018254 0.005100 -0.008125 0.994962 -0.099927 8.712000 -0.019161 0.099757 0.994827 -0.691000 0.000000 0.000000 0.000000 1.000000
0.999756 0.011130 0.019093 0.005100 -0.009169 0.994958 -0.099869 8.712000 -0.020108 0.099670 0.994817 -0.691000 0.000000 0.000000 0.000000 1.000000
0.999736 0.011823 0.019727 0.005100 -0.009806 0.995000 -0.099396 8.712000 -0.020803 0.099177 0.994852 -0.691000 0.000000 0.000000 0.000000 1.000000
0.999744 0.011411 0.019537 0.005100 -0.009431 0.995083 -0.098597 8.712000 -0.020566 0.098387 0.994936 -0.691000 0.000000 0.000000 0.000000 1.000000
0.999760 0.010989 0.018943 0.005100 -0.009088 0.995178 -0.097668 8.712000 -0.019925 0.097472 0.995039 -0.691000 0.000000 0.000000 0.000000 1.000000
0.999799 0.009380 0.017721 0.005100 -0.007628 0.995308 -0.096455 8.712000 -0.018543 0.096301 0.995180 -0.691000 0.000000 0.000000 0.000000 1.000000
0.999853 0.005616 0.016224 0.005100 -0.004054 0.995494 -0.094741 8.712000 -0.016683 0.094662 0.995370 -0.691000 0.000000 0.000000 0.000000 1.000000
0.999891 -0.001930 0.014644 0.005100 0.003269 0.995754 -0.091992 8.712000 -0.014404 0.092030 0.995652 -0.691000 0.000000 0.000000 0.000000 1.000000
0.999879 -0.009187 0.012584 0.005100 0.010263 0.996040 -0.088314 8.712000 -0.011723 0.088432 0.996013 -0.691000 0.000000 0.000000 0.000000 1.000000
0.999784 -0.017575 0.011125 0.005100 0.018450 0.996277 -0.084218 8.712000 -0.009603 0.084405 0.996385 -0.691000 0.000000 0.000000 0.000000 1.000000
0.999592 -0.026659 0.010253 0.005100 0.027391 0.996448 -0.079633 8.712000 -0.008094 0.079881 0.996772 -0.691000 0.000000 0.000000 0.000000 1.000000
0.999362 -0.034379 0.009709 0.005100 0.035012 0.996556 -0.075170 8.712000 -0.007091 0.075461 0.997124 -0.691000 0.000000 0.000000 0.000000 1.000000
0.999167 -0.039775 0.009163 0.005100 0.040329 0.996629 -0.071444 8.712000 -0.006291 0.071754 0.997403 -0.691000 0.000000 0.000000 0.000000 1.000000
0.999309 -0.036133 0.008741 0.005100 0.036680 0.996603 -0.073731 8.712000 -0.006047 0.074001 0.997240 -0.691000 0.000000 0.000000 0.000000 1.000000
0.999789 -0.018602 0.008723 0.005100 0.019281 0.996142 -0.085611 8.712000 -0.007097 0.085761 0.996290 -0.691000 0.000000 0.000000 0.000000 1.000000
0.999917 -0.009493 0.008700 0.005100 0.010252 0.995722 -0.091831 8.712000 -0.007791 0.091912 0.995737 -0.691000 0.000000 0.000000 0.000000 1.000000</float_array><technique_common><accessor source="#mixamorig_Spine-Matrix-animation-output-transform-array" count="31" stride="16"><param type="float4x4"/></accessor></technique_common></source><source id="mixamorig_Spine-Interpolations"><Name_array id="mixamorig_Spine-Interpolations-array" count="31">
 LINEAR LINEAR LINEAR LINEAR LINEAR LINEAR LINEAR LINEAR LINEAR LINEAR LINEAR
LINEAR LINEAR LINEAR LINEAR LINEAR LINEAR LINEAR LINEAR LINEAR LINEAR LINEAR LINEAR
LINEAR LINEAR LINEAR LINEAR LINEAR LINEAR LINEAR LINEAR</Name_array><technique_common><accessor source="#mixamorig_Spine-Interpolations-array" count="31"><param type="name"/></accessor></technique_common></source><sampler id="mixamorig_Spine-Matrix-animation-transform"><input semantic="INPUT" source="#mixamorig_Spine-Matrix-animation-input"/><input semantic="OUTPUT" source="#mixamorig_Spine-Matrix-animation-output-transform"/><input semantic="INTERPOLATION" source="#mixamorig_Spine-Interpolations"/></sampler><channel source="#mixamorig_Spine-Matrix-animation-transform" target="mixamorig_Spine/matrix"/></animation>
    <animation id="mixamorig_Spine1-anim" name="mixamorig_Spine1"><source id="mixamorig_Spine1-Matrix-animation-input"><float_array id="mixamorig_Spine1-Matrix-animation-input-array" count="31">

0.000000 0.033333 0.066667 0.100000 0.133333 0.166667 0.200000 0.233333 0.266667 0.300000 0.333333 0.366667 0.400000 0.433333 0.466667 0.500000
0.533333 0.566667 0.600000 0.633333 0.666667 0.700000 0.733333 0.766667 0.800000 0.833333 0.866667 0.900000 0.933333 0.966667 1.000000</float_array><technique_common><accessor source="#mixamorig_Spine1-Matrix-animation-input-array" count="31"><param name="TIME" type="float"/></accessor></technique_common></source><source id="mixamorig_Spine1-Matrix-animation-output-transform"><float_array id="mixamorig_Spine1-Matrix-animation-output-transform-array" count="496">

0.999795 -0.005228 0.019555 -0.009200 0.006878 0.996332 -0.085295 8.660300 -0.019037 0.085412 0.996164 -1.275000 0.000000 0.000000 0.000000 1.000000
0.999863 -0.005469 0.015638 -0.009200 0.006780 0.996359 -0.084991 8.660300 -0.015116 0.085085 0.996259 -1.275000 0.000000 0.000000 0.000000 1.000000
0.999895 -0.005092 0.013539 -0.009200 0.006222 0.996380 -0.084785 8.660300 -0.013058 0.084860 0.996307 -1.275000 0.000000 0.000000 0.000000 1.000000
0.999922 -0.004473 0.011682 -0.009200 0.005446 0.996402 -0.084578 8.660300 -0.011262 0.084635 0.996348 -1.275000 0.000000 0.000000 0.000000 1.000000
0.999943 -0.003807 0.010014 -0.009200 0.004639 0.996422 -0.084385 8.660300 -0.009657 0.084426 0.996383 -1.275000 0.000000 0.000000 0.000000 1.000000
0.999958 -0.003265 0.008610 -0.009200 0.003979 0.996444 -0.084164 8.660300 -0.008305 0.084194 0.996415 -1.275000 0.000000 0.000000 0.000000 1.000000
0.999968 -0.002832 0.007439 -0.009200 0.003447 0.996461 -0.083990 8.660300 -0.007174 0.084013 0.996439 -1.275000 0.000000 0.000000 0.000000 1.000000
0.999977 -0.002404 0.006367 -0.009200 0.002929 0.996483 -0.083745 8.660300 -0.006143 0.083762 0.996467 -1.275000 0.000000 0.000000 0.000000 1.000000
0.999983 -0.001968 0.005463 -0.009200 0.002418 0.996501 -0.083548 8.660300 -0.005280 0.083560 0.996489 -1.275000 0.000000 0.000000 0.000000 1.000000
0.999988 -0.001573 0.004537 -0.009200 0.001946 0.996516 -0.083385 8.660300 -0.004390 0.083393 0.996507 -1.275000 0.000000 0.000000 0.000000 1.000000
0.999993 -0.001230 0.003642 -0.009200 0.001529 0.996530 -0.083215 8.660300 -0.003527 0.083220 0.996525 -1.275000 0.000000 0.000000 0.000000 1.000000
0.999996 -0.000919 0.002813 -0.009200 0.001149 0.996543 -0.083068 8.660300 -0.002727 0.083071 0.996540 -1.275000 0.000000 0.000000 0.000000 1.000000
0.999998 -0.000605 0.002107 -0.009200 0.000778 0.996557 -0.082911 8.660300 -0.002050 0.082912 0.996555 -1.275000 0.000000 0.000000 0.000000 1.000000
1.000000 -0.000399 0.000896 -0.009200 0.000472 0.996568 -0.082772 8.660300 -0.000859 0.082773 0.996568 -1.275000 0.000000 0.000000 0.000000 1.000000
1.000000 -0.000288 -0.000373 -0.009200 0.000256 0.996577 -0.082672 8.660300 0.000395 0.082672 0.996577 -1.275000 0.000000 0.000000 0.000000 1.000000
0.999999 -0.000224 -0.001009 -0.009200 0.000140 0.996582 -0.082614 8.660300 0.001024 0.082613 0.996581 -1.275000 0.000000 0.000000 0.000000 1.000000
0.999999 -0.000223 -0.001297 -0.009200 0.000115 0.996581 -0.082616 8.660300 0.001311 0.082616 0.996581 -1.275000 0.000000 0.000000 0.000000 1.000000
0.999999 -0.000216 -0.001182 -0.009200 0.000117 0.996580 -0.082634 8.660300 0.001196 0.082634 0.996579 -1.275000 0.000000 0.000000 0.000000 1.000000
1.000000 -0.000221 -0.000787 -0.009200 0.000155 0.996577 -0.082671 8.660300 0.000803 0.082671 0.996577 -1.275000 0.000000 0.000000 0.000000 1.000000
1.000000 -0.000131 0.000725 -0.009200 0.000190 0.996572 -0.082732 8.660300 -0.000712 0.082732 0.996572 -1.275000 0.000000 0.000000 0.000000 1.000000
0.999999 -0.000223 0.001636 -0.009200 0.000358 0.996567 -0.082793 8.660300 -0.001612 0.082793 0.996565 -1.275000 0.000000 0.000000 0.000000 1.000000
0.999996 0.000096 0.002648 -0.009200 0.000125 0.996551 -0.082988 8.660300 -0.002647 0.082988 0.996547 -1.275000 0.000000 0.000000 0.000000 1.000000
0.999990 0.002805 0.003594 -0.009200 -0.002494 0.996478 -0.083822 8.660300 -0.003816 0.083812 0.996474 -1.275000 0.000000 0.000000 0.000000 1.000000
0.999978 0.005212 0.004139 -0.009200 -0.004841 0.996356 -0.085150 8.660300 -0.004568 0.085128 0.996360 -1.275000 0.000000 0.000000 0.000000 1.000000
0.999953 0.007619 0.005946 -0.009200 -0.007071 0.996159 -0.087277 8.660300 -0.006588 0.087231 0.996166 -1.275000 0.000000 0.000000 0.000000 1.000000
0.999916 0.009619 0.008733 -0.009200 -0.008793 0.995883 -0.090221 8.660300 -0.009565 0.090136 0.995883 -1.275000 0.000000 0.000000 0.000000 1.000000
0.999879 0.010172 0.011774 -0.009200 -0.009035 0.995635 -0.092891 8.660300 -0.012668 0.092773 0.995607 -1.275000 0.000000 0.000000 0.000000 1.000000
0.999847 0.010261 0.014167 -0.009200 -0.008870 0.995438 -0.094992 8.660300 -0.015077 0.094852 0.995377 -1.275000 0.000000 0.000000 0.000000 1.000000
0.999847 0.007140 0.015992 -0.009200 -0.005609 0.995569 -0.093862 8.660300 -0.016591 0.093758 0.995457 -1.275000 0.000000 0.000000 0.000000 1.000000
0.999828 -0.001657 0.018457 -0.009200 0.003273 0.996128 -0.087849 8.660300 -0.018240 0.087894 0.995963 -1.275000 0.000000 0.000000 0.000000 1.000000
0.999795 -0.005228 0.019555 -0.009200 0.006878 0.996332 -0.085295 8.660300 -0.019037 0.085412 0.996164 -1.275000 0.000000 0.000000 0.000000 1.000000</float_array><technique_common><accessor source="#mixamorig_Spine1-Matrix-animation-output-transform-array" count="31" stride="16"><param type="float4x4"/></accessor></technique_common></source><source id="mixamorig_Spine1-Interpolations"><Name_array id="mixamorig_Spine1-Interpolations-array" count="31">
 LINEAR LINEAR LINEAR LINEAR LINEAR LINEAR LINEAR LINEAR LINEAR LINEAR LINEAR
LINEAR LINEAR LINEAR LINEAR LINEAR LINEAR LINEAR LINEAR LINEAR LINEAR LINEAR LINEAR
LINEAR LINEAR LINEAR LINEAR LINEAR LINEAR LINEAR LINEAR</Name_array><technique_common><accessor source="#mixamorig_Spine1-Interpolations-array" count="31"><param type="name"/></accessor></technique_common></source><sampler id="mixamorig_Spine1-Matrix-animation-transform"><input semantic="INPUT" source="#mixamorig_Spine1-Matrix-animation-input"/><input semantic="OUTPUT" source="#mixamorig_Spine1-Matrix-animation-output-transform"/><input semantic="INTERPOLATION" source="#mixamorig_Spine1-Interpolations"/></sampler><channel source="#mixamorig_Spine1-Matrix-animation-transform" target="mixamorig_Spine1/matrix"/></animation>
    <animation id="mixamorig_Spine2-anim" name="mixamorig_Spine2"><source id="mixamorig_Spine2-Matrix-animation-input"><float_array id="mixamorig_Spine2-Matrix-animation-input-array" count="31">

0.000000 0.033333 0.066667 0.100000 0.133333 0.166667 0.200000 0.233333 0.266667 0.300000 0.333333 0.366667 0.400000 0.433333 0.466667 0.500000
0.533333 0.566667 0.600000 0.633333 0.666667 0.700000 0.733333 0.766667 0.800000 0.833333 0.866667 0.900000 0.933333 0.966667 1.000000</float_array><technique_common><accessor source="#mixamorig_Spine2-Matrix-animation-input-array" count="31"><param name="TIME" type="float"/></accessor></technique_common></source><source id="mixamorig_Spine2-Matrix-animation-output-transform"><float_array id="mixamorig_Spine2-Matrix-animation-output-transform-array" count="496">

0.999836 -0.000578 0.018090 0.006300 0.003228 0.989156 -0.146832 9.852500 -0.017809 0.146866 0.988996 -1.857000 0.000000 0.000000 0.000000 1.000000
0.999549 -0.000138 0.030036 0.006300 0.004561 0.989091 -0.147238 9.852500 -0.029688 0.147308 0.988645 -1.857000 0.000000 0.000000 0.000000 1.000000
0.997711 0.003012 0.067554 0.006300 0.007096 0.988828 -0.148891 9.852500 -0.067247 0.149029 0.986543 -1.857000 0.000000 0.000000 0.000000 1.000000
0.992968 0.007570 0.118138 0.006300 0.010455 0.988446 -0.151214 9.852500 -0.117918 0.151386 0.981416 -1.857000 0.000000 0.000000 0.000000 1.000000
0.985242 0.012612 0.170704 0.006300 0.013973 0.988028 -0.153643 9.852500 -0.170598 0.153761 0.973270 -1.857000 0.000000 0.000000 0.000000 1.000000
0.976567 0.017245 0.214524 0.006300 0.016696 0.987709 -0.155408 9.852500 -0.214567 0.155348 0.964276 -1.857000 0.000000 0.000000 0.000000 1.000000
0.968297 0.021553 0.248870 0.006300 0.018201 0.987535 -0.156343 9.852500 -0.249137 0.155916 0.955835 -1.857000 0.000000 0.000000 0.000000 1.000000
0.959317 0.026171 0.281116 0.006300 0.019025 0.987439 -0.156853 9.852500 -0.281690 0.155820 0.946769 -1.857000 0.000000 0.000000 0.000000 1.000000
0.949849 0.030893 0.311181 0.006300 0.019408 0.987366 -0.157265 9.852500 -0.312108 0.155418 0.937248 -1.857000 0.000000 0.000000 0.000000 1.000000
0.940339 0.035379 0.338393 0.006300 0.019606 0.987292 -0.157704 9.852500 -0.339672 0.154930 0.927696 -1.857000 0.000000 0.000000 0.000000 1.000000
0.931215 0.039357 0.362340 0.006300 0.019845 0.987203 -0.158228 9.852500 -0.363931 0.154535 0.918517 -1.857000 0.000000 0.000000 0.000000 1.000000
0.922332 0.042977 0.384002 0.006300 0.020143 0.987096 -0.158855 9.852500 -0.385874 0.154252 0.909565 -1.857000 0.000000 0.000000 0.000000 1.000000
0.913422 0.046568 0.404342 0.006300 0.020264 0.986998 -0.159450 9.852500 -0.406510 0.153838 0.900602 -1.857000 0.000000 0.000000 0.000000 1.000000
0.905652 0.049602 0.421111 0.006300 0.020323 0.986915 -0.159954 9.852500 -0.423535 0.153421 0.892793 -1.857000 0.000000 0.000000 0.000000 1.000000
0.899957 0.051774 0.432893 0.006300 0.020347 0.986854 -0.160327 9.852500 -0.435503 0.153096 0.887073 -1.857000 0.000000 0.000000 0.000000 1.000000
0.897184 0.052840 0.438485 0.006300 0.020325 0.986826 -0.160505 9.852500 -0.441189 0.152915 0.884290 -1.857000 0.000000 0.000000 0.000000 1.000000
0.897338 0.052829 0.438171 0.006300 0.020257 0.986834 -0.160465 9.852500 -0.440879 0.152868 0.884453 -1.857000 0.000000 0.000000 0.000000 1.000000
0.898784 0.052875 0.435191 0.006300 0.019410 0.986927 -0.159997 9.852500 -0.437961 0.152250 0.886008 -1.857000 0.000000 0.000000 0.000000 1.000000
0.901532 0.052478 0.429518 0.006300 0.018450 0.987054 -0.159323 9.852500 -0.432318 0.151560 0.888893 -1.857000 0.000000 0.000000 0.000000 1.000000
0.905825 0.052194 0.420425 0.006300 0.016337 0.987340 -0.157773 9.852500 -0.423337 0.149783 0.893505 -1.857000 0.000000 0.000000 0.000000 1.000000
0.911721 0.050721 0.407667 0.006300 0.015009 0.987574 -0.156439 9.852500 -0.410536 0.148748 0.899630 -1.857000 0.000000 0.000000 0.000000 1.000000
0.919540 0.049193 0.389904 0.006300 0.012884 0.987828 -0.155017 9.852500 -0.392784 0.147568 0.907714 -1.857000 0.000000 0.000000 0.000000 1.000000
0.929537 0.049563 0.365383 0.006300 0.007917 0.988014 -0.154160 9.852500 -0.368645 0.146190 0.918003 -1.857000 0.000000 0.000000 0.000000 1.000000
0.941162 0.048396 0.334474 0.006300 0.003999 0.988029 -0.154214 9.852500 -0.337933 0.146478 0.929702 -1.857000 0.000000 0.000000 0.000000 1.000000
0.959316 0.044694 0.278773 0.006300 -0.001517 0.988193 -0.153209 9.852500 -0.282329 0.146553 0.948057 -1.857000 0.000000 0.000000 0.000000 1.000000
0.979216 0.038177 0.199194 0.006300 -0.007649 0.988377 -0.151829 9.852500 -0.202675 0.147150 0.968127 -1.857000 0.000000 0.000000 0.000000 1.000000
0.992641 0.029946 0.117337 0.006300 -0.011986 0.988481 -0.150872 9.852500 -0.120504 0.148355 0.981565 -1.857000 0.000000 0.000000 0.000000 1.000000
0.998157 0.023085 0.056123 0.006300 -0.014299 0.988248 -0.152186 9.852500 -0.058977 0.151103 0.986757 -1.857000 0.000000 0.000000 0.000000 1.000000
0.999475 0.015653 0.028384 0.006300 -0.011155 0.988285 -0.152211 9.852500 -0.030434 0.151814 0.987940 -1.857000 0.000000 0.000000 0.000000 1.000000
0.999796 0.004122 0.019775 0.006300 -0.001145 0.988952 -0.148234 9.852500 -0.020167 0.148181 0.988755 -1.857000 0.000000 0.000000 0.000000 1.000000
0.999836 -0.000578 0.018090 0.006300 0.003228 0.989156 -0.146831 9.852500 -0.017809 0.146866 0.988996 -1.857000 0.000000 0.000000 0.000000 1.000000</float_array><technique_common><accessor source="#mixamorig_Spine2-Matrix-animation-output-transform-array" count="31" stride="16"><param type="float4x4"/></accessor></technique_common></source><source id="mixamorig_Spine2-Interpolations"><Name_array id="mixamorig_Spine2-Interpolations-array" count="31">
 LINEAR LINEAR LINEAR LINEAR LINEAR LINEAR LINEAR LINEAR LINEAR LINEAR LINEAR
LINEAR LINEAR LINEAR LINEAR LINEAR LINEAR LINEAR LINEAR LINEAR LINEAR LINEAR LINEAR
LINEAR LINEAR LINEAR LINEAR LINEAR LINEAR LINEAR LINEAR</Name_array><technique_common><accessor source="#mixamorig_Spine2-Interpolations-array" count="31"><param type="name"/></accessor></technique_common></source><sampler id="mixamorig_Spine2-Matrix-animation-transform"><input semantic="INPUT" source="#mixamorig_Spine2-Matrix-animation-input"/><input semantic="OUTPUT" source="#mixamorig_Spine2-Matrix-animation-output-transform"/><input semantic="INTERPOLATION" source="#mixamorig_Spine2-Interpolations"/></sampler><channel source="#mixamorig_Spine2-Matrix-animation-transform" target="mixamorig_Spine2/matrix"/></animation>
    <animation id="mixamorig_Neck-anim" name="mixamorig_Neck"><source id="mixamorig_Neck-Matrix-animation-input"><float_array id="mixamorig_Neck-Matrix-animation-input-array" count="31">

0.000000 0.033333 0.066667 0.100000 0.133333 0.166667 0.200000 0.233333 0.266667 0.300000 0.333333 0.366667 0.400000 0.433333 0.466667 0.500000
0.533333 0.566667 0.600000 0.633333 0.666667 0.700000 0.733333 0.766667 0.800000 0.833333 0.866667 0.900000 0.933333 0.966667 1.000000</float_array><technique_common><accessor source="#mixamorig_Neck-Matrix-animation-input-array" count="31"><param name="TIME" type="float"/></accessor></technique_common></source><source id="mixamorig_Neck-Matrix-animation-output-transform"><float_array id="mixamorig_Neck-Matrix-animation-output-transform-array" count="496">

0.995268 0.003229 0.097113 0.016300 0.001058 0.999028 -0.044063 11.420800 -0.097161 0.043957 0.994297 -0.263300 0.000000 0.000000 0.000000 1.000000
0.994893 0.003055 0.100886 0.016300 0.001527 0.998972 -0.045304 11.420800 -0.100921 0.045227 0.993866 -0.263300 0.000000 0.000000 0.000000 1.000000
0.993966 0.001811 0.109674 0.016300 0.003489 0.998836 -0.048117 11.420800 -0.109634 0.048209 0.992802 -0.263300 0.000000 0.000000 0.000000 1.000000
0.992749 0.000191 0.120208 0.016300 0.006045 0.998654 -0.051508 11.420800 -0.120056 0.051861 0.991412 -0.263300 0.000000 0.000000 0.000000 1.000000
0.991622 -0.001385 0.129163 0.016300 0.008488 0.998480 -0.054462 11.420800 -0.128891 0.055102 0.990127 -0.263300 0.000000 0.000000 0.000000 1.000000
0.991079 -0.002390 0.133257 0.016300 0.009950 0.998376 -0.056093 11.420800 -0.132906 0.056918 0.989493 -0.263300 0.000000 0.000000 0.000000 1.000000
0.991071 -0.002824 0.133309 0.016300 0.010441 0.998349 -0.056474 11.420800 -0.132929 0.057362 0.989464 -0.263300 0.000000 0.000000 0.000000 1.000000
0.991106 -0.003115 0.133041 0.016300 0.010735 0.998339 -0.056596 11.420800 -0.132643 0.057521 0.989493 -0.263300 0.000000 0.000000 0.000000 1.000000
0.991161 -0.003330 0.132621 0.016300 0.010924 0.998339 -0.056573 11.420800 -0.132212 0.057522 0.989551 -0.263300 0.000000 0.000000 0.000000 1.000000
0.991236 -0.003496 0.132059 0.016300 0.011046 0.998343 -0.056477 11.420800 -0.131643 0.057440 0.989632 -0.263300 0.000000 0.000000 0.000000 1.000000
0.991327 -0.003655 0.131364 0.016300 0.011148 0.998349 -0.056348 11.420800 -0.130941 0.057324 0.989731 -0.263300 0.000000 0.000000 0.000000 1.000000
0.991431 -0.003826 0.130578 0.016300 0.011261 0.998353 -0.056252 11.420800 -0.130148 0.057240 0.989841 -0.263300 0.000000 0.000000 0.000000 1.000000
0.991543 -0.003998 0.129717 0.016300 0.011361 0.998362 -0.056076 11.420800 -0.129280 0.057076 0.989964 -0.263300 0.000000 0.000000 0.000000 1.000000
0.991675 -0.004160 0.128702 0.016300 0.011441 0.998372 -0.055885 11.420800 -0.128260 0.056893 0.990107 -0.263300 0.000000 0.000000 0.000000 1.000000
0.991835 -0.004296 0.127453 0.016300 0.011478 0.998383 -0.055672 11.420800 -0.127008 0.056680 0.990281 -0.263300 0.000000 0.000000 0.000000 1.000000
0.992035 -0.004396 0.125884 0.016300 0.011463 0.998395 -0.055467 11.420800 -0.125438 0.056468 0.990493 -0.263300 0.000000 0.000000 0.000000 1.000000
0.992275 -0.004375 0.123979 0.016300 0.011298 0.998412 -0.055193 11.420800 -0.123540 0.056167 0.990749 -0.263300 0.000000 0.000000 0.000000 1.000000
0.992540 -0.004098 0.121849 0.016300 0.010831 0.998447 -0.054653 11.420800 -0.121435 0.055565 0.991043 -0.263300 0.000000 0.000000 0.000000 1.000000
0.992820 -0.003616 0.119563 0.016300 0.010132 0.998493 -0.053931 11.420800 -0.119187 0.054755 0.991361 -0.263300 0.000000 0.000000 0.000000 1.000000
0.993107 -0.002990 0.117174 0.016300 0.009266 0.998549 -0.053051 11.420800 -0.116845 0.053772 0.991693 -0.263300 0.000000 0.000000 0.000000 1.000000
0.993386 -0.001918 0.114809 0.016300 0.007979 0.998597 -0.052357 11.420800 -0.114548 0.052926 0.992007 -0.263300 0.000000 0.000000 0.000000 1.000000
0.993640 -0.000030 0.112607 0.016300 0.005955 0.998614 -0.052285 11.420800 -0.112449 0.052623 0.992263 -0.263300 0.000000 0.000000 0.000000 1.000000
0.993911 0.000363 0.110182 0.016300 0.005299 0.998680 -0.051087 11.420800 -0.110055 0.051360 0.992598 -0.263300 0.000000 0.000000 0.000000 1.000000
0.994150 0.001273 0.107998 0.016300 0.004190 0.998723 -0.050339 11.420800 -0.107925 0.050497 0.992876 -0.263300 0.000000 0.000000 0.000000 1.000000
0.994380 0.001975 0.105853 0.016300 0.003249 0.998786 -0.049154 11.420800 -0.105822 0.049222 0.993166 -0.263300 0.000000 0.000000 0.000000 1.000000
0.994601 0.002432 0.103747 0.016300 0.002499 0.998874 -0.047373 11.420800 -0.103745 0.047377 0.993475 -0.263300 0.000000 0.000000 0.000000 1.000000
0.994787 0.003415 0.101913 0.016300 0.001289 0.998938 -0.046054 11.420800 -0.101962 0.045946 0.993727 -0.263300 0.000000 0.000000 0.000000 1.000000
0.994950 0.004071 0.100285 0.016300 0.000423 0.998998 -0.044755 11.420800 -0.100366 0.044571 0.993952 -0.263300 0.000000 0.000000 0.000000 1.000000
0.995082 0.004408 0.098955 0.016300 -0.000016 0.999017 -0.044336 11.420800 -0.099053 0.044116 0.994104 -0.263300 0.000000 0.000000 0.000000 1.000000
0.995187 0.004684 0.097885 0.016300 -0.000263 0.998981 -0.045125 11.420800 -0.097996 0.044882 0.994174 -0.263300 0.000000 0.000000 0.000000 1.000000
0.995268 0.003226 0.097114 0.016300 0.001061 0.999028 -0.044061 11.420800 -0.097162 0.043955 0.994298 -0.263300 0.000000 0.000000 0.000000 1.000000</float_array><technique_common><accessor source="#mixamorig_Neck-Matrix-animation-output-transform-array" count="31" stride="16"><param type="float4x4"/></accessor></technique_common></source><source id="mixamorig_Neck-Interpolations"><Name_array id="mixamorig_Neck-Interpolations-array" count="31">
 LINEAR LINEAR LINEAR LINEAR LINEAR LINEAR LINEAR LINEAR LINEAR LINEAR LINEAR
LINEAR LINEAR LINEAR LINEAR LINEAR LINEAR LINEAR LINEAR LINEAR LINEAR LINEAR LINEAR
LINEAR LINEAR LINEAR LINEAR LINEAR LINEAR LINEAR LINEAR</Name_array><technique_common><accessor source="#mixamorig_Neck-Interpolations-array" count="31"><param type="name"/></accessor></technique_common></source><sampler id="mixamorig_Neck-Matrix-animation-transform"><input semantic="INPUT" source="#mixamorig_Neck-Matrix-animation-input"/><input semantic="OUTPUT" source="#mixamorig_Neck-Matrix-animation-output-transform"/><input semantic="INTERPOLATION" source="#mixamorig_Neck-Interpolations"/></sampler><channel source="#mixamorig_Neck-Matrix-animation-transform" target="mixamorig_Neck/matrix"/></animation>
    <animation id="mixamorig_Head-anim" name="mixamorig_Head"><source id="mixamorig_Head-Matrix-animation-input"><float_array id="mixamorig_Head-Matrix-animation-input-array" count="31">

0.000000 0.033333 0.066667 0.100000 0.133333 0.166667 0.200000 0.233333 0.266667 0.300000 0.333333 0.366667 0.400000 0.433333 0.466667 0.500000
0.533333 0.566667 0.600000 0.633333 0.666667 0.700000 0.733333 0.766667 0.800000 0.833333 0.866667 0.900000 0.933333 0.966667 1.000000</float_array><technique_common><accessor source="#mixamorig_Head-Matrix-animation-input-array" count="31"><param name="TIME" type="float"/></accessor></technique_common></source><source id="mixamorig_Head-Matrix-animation-output-transform"><float_array id="mixamorig_Head-Matrix-animation-output-transform-array" count="496">

0.790139 0.101765 0.604421 -0.019200 -0.102813 0.994154 -0.032979 9.262400 -0.604244 -0.036084 0.795982 2.362500 0.000000 0.000000 0.000000 1.000000
0.758154 0.097653 0.644722 -0.019200 -0.095691 0.994680 -0.038133 9.262400 -0.645016 -0.032783 0.763466 2.362500 0.000000 0.000000 0.000000 1.000000
0.676998 0.088212 0.730679 -0.019200 -0.077896 0.995803 -0.048046 9.262400 -0.731851 -0.024390 0.681028 2.362500 0.000000 0.000000 0.000000 1.000000
0.574909 0.077506 0.814538 -0.019200 -0.055543 0.996904 -0.055656 9.262400 -0.816330 -0.013245 0.577434 2.362500 0.000000 0.000000 0.000000 1.000000
0.496719 0.068061 0.865239 -0.019200 -0.036998 0.997675 -0.057239 9.262400 -0.867122 -0.003580 0.498082 2.362500 0.000000 0.000000 0.000000 1.000000
0.464606 0.062347 0.883320 -0.019200 -0.029635 0.998054 -0.054858 9.262400 -0.885022 -0.000690 0.465550 2.362500 0.000000 0.000000 0.000000 1.000000
0.453869 0.060695 0.888999 -0.019200 -0.030900 0.998150 -0.052371 9.262400 -0.890533 -0.003701 0.454905 2.362500 0.000000 0.000000 0.000000 1.000000
0.447511 0.059736 0.892281 -0.019200 -0.033402 0.998187 -0.050074 9.262400 -0.893654 -0.007395 0.448695 2.362500 0.000000 0.000000 0.000000 1.000000
0.444514 0.059170 0.893815 -0.019200 -0.036498 0.998184 -0.047928 9.262400 -0.895028 -0.011318 0.445866 2.362500 0.000000 0.000000 0.000000 1.000000
0.444578 0.058782 0.893809 -0.019200 -0.039869 0.998154 -0.045814 9.262400 -0.894853 -0.015267 0.446101 2.362500 0.000000 0.000000 0.000000 1.000000
0.447367 0.058405 0.892441 -0.019200 -0.043126 0.998113 -0.043702 9.262400 -0.893310 -0.018937 0.449042 2.362500 0.000000 0.000000 0.000000 1.000000
0.452440 0.057943 0.889910 -0.019200 -0.046093 0.998073 -0.041552 9.262400 -0.890603 -0.022219 0.454239 2.362500 0.000000 0.000000 0.000000 1.000000
0.459512 0.057483 0.886309 -0.019200 -0.048768 0.998031 -0.039444 9.262400 -0.886832 -0.025098 0.461411 2.362500 0.000000 0.000000 0.000000 1.000000
0.468642 0.057150 0.881537 -0.019200 -0.051891 0.997963 -0.037111 9.262400 -0.881863 -0.028352 0.470653 2.362500 0.000000 0.000000 0.000000 1.000000
0.479862 0.057027 0.875489 -0.019200 -0.055476 0.997861 -0.034592 9.262400 -0.875588 -0.031969 0.481999 2.362500 0.000000 0.000000 0.000000 1.000000
0.493193 0.057120 0.868043 -0.019200 -0.059390 0.997725 -0.031910 9.262400 -0.867890 -0.035815 0.495463 2.362500 0.000000 0.000000 0.000000 1.000000
0.509118 0.057824 0.858752 -0.019200 -0.063991 0.997522 -0.029231 9.262400 -0.858315 -0.040071 0.511556 2.362500 0.000000 0.000000 0.000000 1.000000
0.535184 0.059698 0.842624 -0.019200 -0.071239 0.997136 -0.025397 9.262400 -0.841726 -0.046436 0.537904 2.362500 0.000000 0.000000 0.000000 1.000000
0.561980 0.062624 0.824777 -0.019200 -0.078685 0.996655 -0.022060 9.262400 -0.823400 -0.052500 0.565028 2.362500 0.000000 0.000000 0.000000 1.000000
0.598777 0.066092 0.798184 -0.019200 -0.086037 0.996130 -0.017939 9.262400 -0.796281 -0.057932 0.602146 2.362500 0.000000 0.000000 0.000000 1.000000
0.626251 0.070277 0.776448 -0.019200 -0.092121 0.995622 -0.015813 9.262400 -0.774160 -0.061625 0.629983 2.362500 0.000000 0.000000 0.000000 1.000000
0.656044 0.074398 0.751047 -0.019200 -0.096171 0.995258 -0.014583 9.262400 -0.748570 -0.062662 0.660088 2.362500 0.000000 0.000000 0.000000 1.000000
0.690218 0.077640 0.719424 -0.019200 -0.095627 0.995294 -0.015667 9.262400 -0.717255 -0.057983 0.694394 2.362500 0.000000 0.000000 0.000000 1.000000
0.712936 0.080812 0.696557 -0.019200 -0.095057 0.995306 -0.018180 9.262400 -0.694757 -0.053251 0.717271 2.362500 0.000000 0.000000 0.000000 1.000000
0.741077 0.083248 0.666239 -0.019200 -0.090310 0.995626 -0.023952 9.262400 -0.665319 -0.042418 0.745353 2.362500 0.000000 0.000000 0.000000 1.000000
0.760633 0.086619 0.643378 -0.019200 -0.088637 0.995634 -0.029253 9.262400 -0.643103 -0.034777 0.764990 2.362500 0.000000 0.000000 0.000000 1.000000
0.775261 0.090202 0.625167 -0.019200 -0.088706 0.995490 -0.033630 9.262400 -0.625381 -0.029384 0.779766 2.362500 0.000000 0.000000 0.000000 1.000000
0.782474 0.093913 0.615560 -0.019200 -0.092038 0.995146 -0.034829 9.262400 -0.615844 -0.029402 0.787320 2.362500 0.000000 0.000000 0.000000 1.000000
0.786938 0.097209 0.609327 -0.019200 -0.095998 0.994776 -0.034722 9.262400 -0.609519 -0.031171 0.792159 2.362500 0.000000 0.000000 0.000000 1.000000
0.789602 0.100324 0.605362 -0.019200 -0.100630 0.994359 -0.033535 9.262400 -0.605311 -0.034438 0.795244 2.362500 0.000000 0.000000 0.000000 1.000000
0.790138 0.101768 0.604421 -0.019200 -0.102814 0.994154 -0.032983 9.262400 -0.604244 -0.036082 0.795982 2.362500 0.000000 0.000000 0.000000 1.000000</float_array><technique_common><accessor source="#mixamorig_Head-Matrix-animation-output-transform-array" count="31" stride="16"><param type="float4x4"/></accessor></technique_common></source><source id="mixamorig_Head-Interpolations"><Name_array id="mixamorig_Head-Interpolations-array" count="31">
 LINEAR LINEAR LINEAR LINEAR LINEAR LINEAR LINEAR LINEAR LINEAR LINEAR LINEAR
LINEAR LINEAR LINEAR LINEAR LINEAR LINEAR LINEAR LINEAR LINEAR LINEAR LINEAR LINEAR
LINEAR LINEAR LINEAR LINEAR LINEAR LINEAR LINEAR LINEAR</Name_array><technique_common><accessor source="#mixamorig_Head-Interpolations-array" count="31"><param type="name"/></accessor></technique_common></source><sampler id="mixamorig_Head-Matrix-animation-transform"><input semantic="INPUT" source="#mixamorig_Head-Matrix-animation-input"/><input semantic="OUTPUT" source="#mixamorig_Head-Matrix-animation-output-transform"/><input semantic="INTERPOLATION" source="#mixamorig_Head-Interpolations"/></sampler><channel source="#mixamorig_Head-Matrix-animation-transform" target="mixamorig_Head/matrix"/></animation>
    <animation id="mixamorig_LeftShoulder-anim" name="mixamorig_LeftShoulder"><source id="mixamorig_LeftShoulder-Matrix-animation-input"><float_array id="mixamorig_LeftShoulder-Matrix-animation-input-array" count="31">

0.000000 0.033333 0.066667 0.100000 0.133333 0.166667 0.200000 0.233333 0.266667 0.300000 0.333333 0.366667 0.400000 0.433333 0.466667 0.500000
