<?xml version="1.0" encoding="utf-8"?>
<COLLADA xmlns="http://www.collada.org/2005/11/COLLADASchema" version="1.4.1">
  <asset><contributor><author>Mixamo</author><authoring_tool>COLLADA Mixamo exporter</authoring_tool><comments></comments></contributor><created>2018-10-28T16:08:31Z</created><modified>2018-10-28T16:08:31Z</modified><revision></revision><title></title><unit meter="0.010000"/><up_axis>Y_UP</up_axis></asset>
  <library_animations>
    <animation id="mixamorig_Hips-anim" name="mixamorig_Hips"><source id="mixamorig_Hips-Matrix-animation-input"><float_array id="mixamorig_Hips-Matrix-animation-input-array" count="37">

0.000000 0.033333 0.066667 0.100000 0.133333 0.166667 0.200000 0.233333 0.266667 0.300000 0.333333 0.366667 0.400000 0.433333 0.466667 0.500000
0.533333 0.566667 0.600000 0.633333 0.666667 0.700000 0.733333 0.766667 0.800000 0.833333 0.866667 0.900000 0.933333 0.966667 1.000000 1.033333
1.066667 1.100000 1.133333 1.166667 1.200000</float_array><technique_common><accessor source="#mixamorig_Hips-Matrix-animation-input-array" count="37"><param name="TIME" type="float"/></accessor></technique_common></source><source id="mixamorig_Hips-Matrix-animation-output-transform"><float_array id="mixamorig_Hips-Matrix-animation-output-transform-array" count="592">

0.931570 -0.056717 -0.359111 -0.467251 0.105282 0.987519 0.117145 93.740997 0.347984 -0.146937 0.925914 3.187113 0.000000 0.000000 0.000000 1.000000
0.927775 -0.043632 -0.370581 -0.695409 0.096869 0.987254 0.126277 94.137817 0.360348 -0.153054 0.920176 5.309891 0.000000 0.000000 0.000000 1.000000
0.921755 -0.029596 -0.386641 -0.991253 0.086444 0.987675 0.130479 94.639099 0.378014 -0.153693 0.912954 8.509107 0.000000 0.000000 0.000000 1.000000
0.913433 -0.015142 -0.406708 -1.324670 0.075673 0.988201 0.133164 95.209229 0.399893 -0.152413 0.903801 12.853485 0.000000 0.000000 0.000000 1.000000
0.906479 -0.014200 -0.422012 -1.431654 0.075240 0.988872 0.128342 95.296135 0.415493 -0.148092 0.897460 16.385426 0.000000 0.000000 0.000000 1.000000
0.898077 -0.013976 -0.439616 -1.386017 0.076463 0.989237 0.124754 95.209961 0.433141 -0.145653 0.889480 20.258373 0.000000 0.000000 0.000000 1.000000
0.887055 -0.016845 -0.461355 -1.185261 0.080760 0.989587 0.119145 95.078400 0.454544 -0.142948 0.879179 24.359779 0.000000 0.000000 0.000000 1.000000
0.872466 -0.025071 -0.488031 -0.856477 0.090965 0.989560 0.111785 94.856857 0.480133 -0.141923 0.865639 28.564764 0.000000 0.000000 0.000000 1.000000
0.853193 -0.041151 -0.519970 -0.432540 0.112288 0.988000 0.106056 94.371201 0.509366 -0.148873 0.847575 32.727146 0.000000 0.000000 0.000000 1.000000
0.828303 -0.064383 -0.556570 0.015235 0.146812 0.983607 0.104707 93.689552 0.540704 -0.168440 0.824176 36.715370 0.000000 0.000000 0.000000 1.000000
0.799176 -0.087331 -0.594719 0.391200 0.186719 0.976512 0.107516 93.053436 0.571361 -0.196969 0.796712 40.558994 0.000000 0.000000 0.000000 1.000000
0.772266 -0.098686 -0.627588 0.651760 0.215580 0.969954 0.112755 92.747032 0.597605 -0.222373 0.770337 44.414639 0.000000 0.000000 0.000000 1.000000
0.755044 -0.093988 -0.648903 0.831452 0.222915 0.967518 0.119241 92.877869 0.616618 -0.234682 0.751469 48.331661 0.000000 0.000000 0.000000 1.000000
0.749331 -0.079629 -0.657390 0.922047 0.213612 0.968740 0.126144 93.263351 0.626796 -0.234950 0.742917 52.174671 0.000000 0.000000 0.000000 1.000000
0.751325 -0.066821 -0.656541 0.860901 0.201463 0.970593 0.131765 93.587868 0.628429 -0.231267 0.742693 55.814777 0.000000 0.000000 0.000000 1.000000
0.756697 -0.062069 -0.650812 0.642607 0.194873 0.971644 0.133911 93.701698 0.624046 -0.228156 0.747336 59.297131 0.000000 0.000000 0.000000 1.000000
0.763341 -0.063184 -0.642899 0.315107 0.191591 0.972572 0.131899 93.704384 0.616931 -0.223858 0.754509 62.714569 0.000000 0.000000 0.000000 1.000000
0.770310 -0.063494 -0.634501 -0.071842 0.185315 0.974376 0.127475 93.774986 0.610149 -0.215778 0.762337 66.068802 0.000000 0.000000 0.000000 1.000000
0.775962 -0.058196 -0.628089 -0.484004 0.172795 0.977257 0.122928 94.048325 0.606650 -0.203918 0.768370 69.289749 0.000000 0.000000 0.000000 1.000000
0.777917 -0.046980 -0.626608 -0.918136 0.154611 0.980855 0.118405 94.538742 0.609049 -0.188990 0.770287 72.311279 0.000000 0.000000 0.000000 1.000000
0.775156 -0.033385 -0.630887 -1.402079 0.133621 0.984675 0.112070 95.095337 0.617477 -0.171172 0.767738 75.133560 0.000000 0.000000 0.000000 1.000000
0.770073 -0.023204 -0.637534 -1.980282 0.115105 0.987991 0.103075 95.416107 0.627486 -0.152759 0.763496 77.988892 0.000000 0.000000 0.000000 1.000000
0.767969 -0.021052 -0.640141 -2.779675 0.104741 0.990133 0.093095 95.322945 0.631864 -0.138543 0.762596 81.013535 0.000000 0.000000 0.000000 1.000000
0.773314 -0.025948 -0.633491 -3.788647 0.102267 0.991184 0.084239 94.935455 0.625721 -0.129928 0.769150 84.393211 0.000000 0.000000 0.000000 1.000000
0.786256 -0.032073 -0.617068 -4.938046 0.100930 0.991906 0.077047 94.423935 0.609602 -0.122859 0.783129 88.103798 0.000000 0.000000 0.000000 1.000000
0.801617 -0.033893 -0.596876 -6.165692 0.095651 0.992801 0.072086 93.854378 0.590136 -0.114878 0.799088 92.030716 0.000000 0.000000 0.000000 1.000000
0.810933 -0.029039 -0.584418 -7.463804 0.087957 0.993469 0.072684 93.396530 0.578491 -0.110346 0.808191 95.935135 0.000000 0.000000 0.000000 1.000000
0.807672 -0.019908 -0.589295 -8.920053 0.084518 0.993018 0.082291 93.214272 0.583543 -0.116270 0.803716 99.682365 0.000000 0.000000 0.000000 1.000000
0.792029 -0.009268 -0.610413 -10.545689 0.086919 0.991410 0.097727 93.420509 0.604264 -0.130459 0.786032 103.203789 0.000000 0.000000 0.000000 1.000000
0.770555 0.000504 -0.637374 -12.173608 0.089541 0.989997 0.109033 93.633789 0.631053 -0.141087 0.762802 106.355377 0.000000 0.000000 0.000000 1.000000
0.747587 0.003752 -0.664153 -13.688497 0.091826 0.989797 0.108953 93.571243 0.657785 -0.142438 0.739615 109.125206 0.000000 0.000000 0.000000 1.000000
0.721853 0.000912 -0.692046 -15.035772 0.095038 0.990394 0.100437 93.275856 0.685490 -0.138271 0.714832 111.573448 0.000000 0.000000 0.000000 1.000000
0.689474 -0.003287 -0.724303 -16.318007 0.101107 0.990636 0.091750 93.040657 0.717219 -0.136492 0.683350 113.919846 0.000000 0.000000 0.000000 1.000000
0.649782 -0.005444 -0.760101 -17.613958 0.109993 0.990123 0.086937 92.910011 0.752121 -0.140096 0.643963 116.247971 0.000000 0.000000 0.000000 1.000000
0.600418 0.004220 -0.799676 -19.219757 0.114828 0.989168 0.091436 93.011597 0.791400 -0.146725 0.593429 119.099319 0.000000 0.000000 0.000000 1.000000
0.558296 0.023891 -0.829298 -20.710920 0.111820 0.988298 0.103751 93.359505 0.822071 -0.150656 0.549091 121.781754 0.000000 0.000000 0.000000 1.000000
0.535182 0.042983 -0.843643 -21.695860 0.105399 0.987502 0.117175 93.741104 0.838136 -0.151629 0.523963 123.548706 0.000000 0.000000 0.000000 1.000000</float_array><technique_common><accessor source="#mixamorig_Hips-Matrix-animation-output-transform-array" count="37" stride="16"><param type="float4x4"/></accessor></technique_common></source><source id="mixamorig_Hips-Interpolations"><Name_array id="mixamorig_Hips-Interpolations-array" count="37">
 LINEAR LINEAR LINEAR LINEAR LINEAR LINEAR LINEAR LINEAR LINEAR LINEAR LINEAR
LINEAR LINEAR LINEAR LINEAR LINEAR LINEAR LINEAR LINEAR LINEAR LINEAR LINEAR LINEAR
LINEAR LINEAR LINEAR LINEAR LINEAR LINEAR LINEAR LINEAR LINEAR LINEAR LINEAR LINEAR
LINEAR LINEAR</Name_array><technique_common><accessor source="#mixamorig_Hips-Interpolations-array" count="37"><param type="name"/></accessor></technique_common></source><sampler id="mixamorig_Hips-Matrix-animation-transform"><input semantic="INPUT" source="#mixamorig_Hips-Matrix-animation-input"/><input semantic="OUTPUT" source="#mixamorig_Hips-Matrix-animation-output-transform"/><input semantic="INTERPOLATION" source="#mixamorig_Hips-Interpolations"/></sampler><channel source="#mixamorig_Hips-Matrix-animation-transform" target="mixamorig_Hips/matrix"/></animation>
    <animation id="mixamorig_Spine-anim" name="mixamorig_Spine"><source id="mixamorig_Spine-Matrix-animation-input"><float_array id="mixamorig_Spine-Matrix-animation-input-array" count="37">

0.000000 0.033333 0.066667 0.100000 0.133333 0.166667 0.200000 0.233333 0.266667 0.300000 0.333333 0.366667 0.400000 0.433333 0.466667 0.500000
0.533333 0.566667 0.600000 0.633333 0.666667 0.700000 0.733333 0.766667 0.800000 0.833333 0.866667 0.900000 0.933333 0.966667 1.000000 1.033333
1.066667 1.100000 1.133333 1.166667 1.200000</float_array><technique_common><accessor source="#mixamorig_Spine-Matrix-animation-input-array" count="37"><param name="TIME" type="float"/></accessor></technique_common></source><source id="mixamorig_Spine-Matrix-animation-output-transform"><float_array id="mixamorig_Spine-Matrix-animation-output-transform-array" count="592">

0.997002 0.059323 -0.049668 0.000000 -0.060765 0.997758 -0.028047 10.181600 0.047892 0.030981 0.998372 0.131500 0.000000 0.000000 0.000000 1.000000
0.997011 0.061728 -0.046461 0.000000 -0.063184 0.997534 -0.030554 10.181600 0.044461 0.033398 0.998453 0.131500 0.000000 0.000000 0.000000 1.000000
0.997033 0.063665 -0.043264 0.000000 -0.065106 0.997341 -0.032744 10.181600 0.041064 0.035464 0.998527 0.131500 0.000000 0.000000 0.000000 1.000000
0.997007 0.066124 -0.040047 -0.000000 -0.067524 0.997115 -0.034681 10.181600 0.037639 0.037282 0.998596 0.131500 0.000000 0.000000 0.000000 1.000000
0.997091 0.065272 -0.039362 0.000000 -0.066638 0.997182 -0.034450 10.181600 0.037003 0.036973 0.998631 0.131500 0.000000 0.000000 0.000000 1.000000
0.997230 0.063871 -0.038107 0.000000 -0.065167 0.997303 -0.033776 10.181600 0.035847 0.036166 0.998703 0.131500 0.000000 0.000000 0.000000 1.000000
0.997209 0.065396 -0.036019 0.000000 -0.066577 0.997248 -0.032616 10.181600 0.033787 0.034923 0.998819 0.131500 0.000000 0.000000 0.000000 1.000000
0.996828 0.072589 -0.032628 0.000000 -0.073618 0.996787 -0.031552 10.181600 0.030233 0.033854 0.998969 0.131500 0.000000 0.000000 0.000000 1.000000
0.995878 0.086432 -0.027520 0.000000 -0.087282 0.995690 -0.031352 10.181600 0.024692 0.033625 0.999129 0.131500 0.000000 0.000000 0.000000 1.000000
0.994242 0.105011 -0.021335 0.000000 -0.105662 0.993884 -0.032095 10.181600 0.017834 0.034165 0.999257 0.131500 0.000000 0.000000 0.000000 1.000000
0.992276 0.123069 -0.015548 0.000000 -0.123526 0.991790 -0.033062 10.181600 0.011352 0.034727 0.999332 0.131500 0.000000 0.000000 0.000000 1.000000
0.991103 0.132512 -0.012489 0.000000 -0.132863 0.990569 -0.033471 10.181600 0.007936 0.034832 0.999362 0.131500 0.000000 0.000000 0.000000 1.000000
0.991466 0.129691 -0.013280 0.000000 -0.130068 0.990949 -0.033209 10.181600 0.008853 0.034653 0.999360 0.131500 0.000000 0.000000 0.000000 1.000000
0.992659 0.119740 -0.017021 0.000000 -0.120247 0.992202 -0.032788 10.181600 0.012962 0.034594 0.999317 0.131500 0.000000 0.000000 0.000000 1.000000
0.993447 0.112134 -0.022105 0.000000 -0.112815 0.993087 -0.032418 10.181600 0.018317 0.034699 0.999230 0.131500 0.000000 0.000000 0.000000 1.000000
0.993365 0.111552 -0.027973 0.000000 -0.112416 0.993162 -0.031498 10.181600 0.024268 0.034434 0.999112 0.131500 0.000000 0.000000 0.000000 1.000000
0.992823 0.114326 -0.035099 0.000000 -0.115368 0.992892 -0.029253 10.181600 0.031505 0.033093 0.998956 0.131500 0.000000 0.000000 0.000000 1.000000
0.992682 0.112692 -0.043387 0.000000 -0.113882 0.993154 -0.026000 10.181600 0.040160 0.030751 0.998720 0.131500 0.000000 0.000000 0.000000 1.000000
0.993573 0.100825 -0.051442 0.000000 -0.102130 0.994496 -0.023385 10.181600 0.048801 0.028489 0.998402 0.131500 0.000000 0.000000 0.000000 1.000000
0.995288 0.078220 -0.057309 0.000000 -0.079641 0.996560 -0.022945 10.181600 0.055317 0.027401 0.998093 0.131500 0.000000 0.000000 0.000000 1.000000
0.996947 0.050114 -0.059877 0.000000 -0.051660 0.998363 -0.024554 10.181600 0.058549 0.027572 0.997904 0.131500 0.000000 0.000000 0.000000 1.000000
0.997876 0.025423 -0.059983 0.000000 -0.027051 0.999283 -0.026484 10.181600 0.059267 0.028050 0.997848 0.131500 0.000000 0.000000 0.000000 1.000000
0.998120 0.011236 -0.060255 0.000000 -0.012881 0.999553 -0.026979 10.181600 0.059925 0.027705 0.997818 0.131500 0.000000 0.000000 0.000000 1.000000
0.997991 0.006404 -0.063027 0.000000 -0.008040 0.999637 -0.025732 10.181600 0.062839 0.026187 0.997680 0.131500 0.000000 0.000000 0.000000 1.000000
0.997611 0.004007 -0.068969 0.000000 -0.005646 0.999706 -0.023574 10.181600 0.068855 0.023907 0.997340 0.131500 0.000000 0.000000 0.000000 1.000000
0.997036 -0.000027 -0.076942 0.000000 -0.001641 0.999765 -0.021612 10.181600 0.076925 0.021674 0.996801 0.131500 0.000000 0.000000 0.000000 1.000000
0.996459 -0.003984 -0.083988 0.000000 0.002270 0.999788 -0.020486 10.181600 0.084051 0.020223 0.996256 0.131500 0.000000 0.000000 0.000000 1.000000
0.996214 -0.002955 -0.086881 0.000000 0.001206 0.999796 -0.020179 10.181600 0.086923 0.019998 0.996014 0.131500 0.000000 0.000000 0.000000 1.000000
0.996399 0.003025 -0.084734 -0.000000 -0.004755 0.999784 -0.020226 10.181600 0.084654 0.020556 0.996198 0.131500 0.000000 0.000000 0.000000 1.000000
0.996693 0.008785 -0.080789 -0.000000 -0.010440 0.999744 -0.020091 10.181600 0.080592 0.020868 0.996529 0.131500 0.000000 0.000000 0.000000 1.000000
0.996923 0.014570 -0.077018 0.000000 -0.016112 0.999681 -0.019437 10.181600 0.076710 0.020618 0.996840 0.131500 0.000000 0.000000 0.000000 1.000000
0.997066 0.020834 -0.073654 0.000000 -0.022287 0.999572 -0.018963 10.181600 0.073228 0.020549 0.997104 0.131500 0.000000 0.000000 0.000000 1.000000
0.997180 0.027920 -0.069656 0.000000 -0.029338 0.999381 -0.019413 10.181600 0.069071 0.021402 0.997382 0.131500 0.000000 0.000000 0.000000 1.000000
0.997279 0.035433 -0.064649 0.000000 -0.036836 0.999108 -0.020644 10.181600 0.063859 0.022969 0.997695 0.131500 0.000000 0.000000 0.000000 1.000000
0.997308 0.044554 -0.058231 0.000000 -0.045960 0.998678 -0.023032 10.181600 0.057128 0.025646 0.998037 0.131500 0.000000 0.000000 0.000000 1.000000
0.997193 0.053061 -0.052823 0.000000 -0.054481 0.998181 -0.025812 10.181600 0.051358 0.028617 0.998270 0.131500 0.000000 0.000000 0.000000 1.000000
0.997002 0.059325 -0.049667 0.000000 -0.060767 0.997758 -0.028047 10.181600 0.047892 0.030981 0.998372 0.131500 0.000000 0.000000 0.000000 1.000000</float_array><technique_common><accessor source="#mixamorig_Spine-Matrix-animation-output-transform-array" count="37" stride="16"><param type="float4x4"/></accessor></technique_common></source><source id="mixamorig_Spine-Interpolations"><Name_array id="mixamorig_Spine-Interpolations-array" count="37">
 LINEAR LINEAR LINEAR LINEAR LINEAR LINEAR LINEAR LINEAR LINEAR LINEAR LINEAR
LINEAR LINEAR LINEAR LINEAR LINEAR LINEAR LINEAR LINEAR LINEAR LINEAR LINEAR LINEAR
LINEAR LINEAR LINEAR LINEAR LINEAR LINEAR LINEAR LINEAR LINEAR LINEAR LINEAR LINEAR
LINEAR LINEAR</Name_array><technique_common><accessor source="#mixamorig_Spine-Interpolations-array" count="37"><param type="name"/></accessor></technique_common></source><sampler id="mixamorig_Spine-Matrix-animation-transform"><input semantic="INPUT" source="#mixamorig_Spine-Matrix-animation-input"/><input semantic="OUTPUT" source="#mixamorig_Spine-Matrix-animation-output-transform"/><input semantic="INTERPOLATION" source="#mixamorig_Spine-Interpolations"/></sampler><channel source="#mixamorig_Spine-Matrix-animation-transform" target="mixamorig_Spine/matrix"/></animation>
    <animation id="mixamorig_Spine1-anim" name="mixamorig_Spine1"><source id="mixamorig_Spine1-Matrix-animation-input"><float_array id="mixamorig_Spine1-Matrix-animation-input-array" count="37">

0.000000 0.033333 0.066667 0.100000 0.133333 0.166667 0.200000 0.233333 0.266667 0.300000 0.333333 0.366667 0.400000 0.433333 0.466667 0.500000
0.533333 0.566667 0.600000 0.633333 0.666667 0.700000 0.733333 0.766667 0.800000 0.833333 0.866667 0.900000 0.933333 0.966667 1.000000 1.033333
1.066667 1.100000 1.133333 1.166667 1.200000</float_array><technique_common><accessor source="#mixamorig_Spine1-Matrix-animation-input-array" count="37"><param name="TIME" type="float"/></accessor></technique_common></source><source id="mixamorig_Spine1-Matrix-animation-output-transform"><float_array id="mixamorig_Spine1-Matrix-animation-output-transform-array" count="592">

0.992556 0.049681 -0.111194 0.000000 -0.056370 0.996733 -0.057845 10.083500 0.107957 0.063682 0.992114 -1.000800 0.000000 0.000000 0.000000 1.000000
0.993276 0.050549 -0.104151 0.000000 -0.057172 0.996461 -0.061616 10.083500 0.100668 0.067156 0.992651 -1.000800 0.000000 0.000000 0.000000 1.000000
0.994070 0.050005 -0.096564 -0.000000 -0.056390 0.996320 -0.064556 10.083500 0.092981 0.069618 0.993231 -1.000800 0.000000 0.000000 0.000000 1.000000
0.994797 0.048607 -0.089532 0.000000 -0.054721 0.996241 -0.067150 10.083500 0.085931 0.071700 0.993718 -1.000800 0.000000 0.000000 0.000000 1.000000
0.994959 0.047949 -0.088076 0.000000 -0.053875 0.996352 -0.066177 10.083500 0.084582 0.070589 0.993913 -1.000800 0.000000 0.000000 0.000000 1.000000
0.995068 0.048196 -0.086705 -0.000000 -0.053875 0.996469 -0.064395 10.083500 0.083295 0.068748 0.994151 -1.000800 0.000000 0.000000 0.000000 1.000000
0.995227 0.048567 -0.084643 0.000000 -0.053859 0.996659 -0.061404 10.083500 0.081378 0.065669 0.994518 -1.000800 0.000000 0.000000 0.000000 1.000000
0.995436 0.049257 -0.081740 0.000000 -0.054099 0.996843 -0.058109 10.083500 0.078620 0.062266 0.994958 -1.000800 0.000000 0.000000 0.000000 1.000000
0.995543 0.052519 -0.078335 0.000000 -0.056994 0.996802 -0.056020 10.083500 0.075142 0.060235 0.995352 -1.000800 0.000000 0.000000 0.000000 1.000000
0.995359 0.060309 -0.074990 -0.000000 -0.064578 0.996347 -0.055871 10.083500 0.071347 0.060455 0.995618 -1.000800 0.000000 0.000000 0.000000 1.000000
0.994856 0.070869 -0.072385 0.000000 -0.075082 0.995533 -0.057237 10.083500 0.068006 0.062377 0.995733 -1.000800 0.000000 0.000000 0.000000 1.000000
0.994341 0.078820 -0.071233 0.000000 -0.083098 0.994779 -0.059234 10.083500 0.066192 0.064818 0.995699 -1.000800 0.000000 0.000000 0.000000 1.000000
0.994196 0.079853 -0.072102 0.000000 -0.084326 0.994552 -0.061286 10.083500 0.066815 0.067011 0.995513 -1.000800 0.000000 0.000000 0.000000 1.000000
0.994348 0.074732 -0.075418 0.000000 -0.079562 0.994824 -0.063206 10.083500 0.070305 0.068849 0.995147 -1.000800 0.000000 0.000000 0.000000 1.000000
0.994343 0.068022 -0.081576 0.000000 -0.073386 0.995205 -0.064667 10.083500 0.076786 0.070288 0.994567 -1.000800 0.000000 0.000000 0.000000 1.000000
0.993877 0.063187 -0.090645 0.000000 -0.069201 0.995495 -0.064809 10.083500 0.086141 0.070684 0.993772 -1.000800 0.000000 0.000000 0.000000 1.000000
0.993034 0.059623 -0.101631 0.000000 -0.066224 0.995823 -0.062864 10.083500 0.097458 0.069156 0.992834 -1.000800 0.000000 0.000000 0.000000 1.000000
0.992211 0.054304 -0.112106 0.000000 -0.061246 0.996352 -0.059435 10.083500 0.108470 0.065838 0.991917 -1.000800 0.000000 0.000000 0.000000 1.000000
0.991825 0.045385 -0.119258 0.000000 -0.052420 0.997024 -0.056531 10.083500 0.116337 0.062320 0.991253 -1.000800 0.000000 0.000000 0.000000 1.000000
0.991934 0.034214 -0.122049 0.000000 -0.041250 0.997601 -0.055591 10.083500 0.119854 0.060177 0.990966 -1.000800 0.000000 0.000000 0.000000 1.000000
0.992181 0.024468 -0.122387 0.000000 -0.031501 0.997941 -0.055864 10.083500 0.120768 0.059282 0.990909 -1.000800 0.000000 0.000000 0.000000 1.000000
0.992114 0.019470 -0.123821 0.000000 -0.026485 0.998121 -0.055262 10.083500 0.122512 0.058106 0.990765 -1.000800 0.000000 0.000000 0.000000 1.000000
0.991437 0.019842 -0.129071 0.000000 -0.026803 0.998265 -0.052422 10.083500 0.127807 0.055432 0.990249 -1.000800 0.000000 0.000000 0.000000 1.000000
0.990058 0.022917 -0.138781 0.000000 -0.029778 0.998424 -0.047563 10.083500 0.137472 0.051223 0.989180 -1.000800 0.000000 0.000000 0.000000 1.000000
0.988117 0.024405 -0.151753 -0.000000 -0.031079 0.998644 -0.041762 10.083500 0.150528 0.045982 0.987536 -1.000800 0.000000 0.000000 0.000000 1.000000
0.986016 0.021367 -0.165275 0.000000 -0.027806 0.998938 -0.036744 10.083500 0.164314 0.040826 0.985563 -1.000800 0.000000 0.000000 0.000000 1.000000
0.984362 0.015083 -0.175513 0.000000 -0.021457 0.999175 -0.034478 10.083500 0.174848 0.037705 0.983873 -1.000800 0.000000 0.000000 0.000000 1.000000
0.983737 0.010006 -0.179335 0.000000 -0.016716 0.999214 -0.035943 10.083500 0.178834 0.038356 0.983131 -1.000800 0.000000 0.000000 0.000000 1.000000
0.984216 0.009309 -0.176724 0.000000 -0.016576 0.999075 -0.039687 10.083500 0.176191 0.041990 0.983460 -1.000800 0.000000 0.000000 0.000000 1.000000
0.985235 0.012259 -0.170766 0.000000 -0.019843 0.998887 -0.042779 10.083500 0.170052 0.045536 0.984383 -1.000800 0.000000 0.000000 0.000000 1.000000
0.986249 0.016429 -0.164448 0.000000 -0.023932 0.998756 -0.043749 10.083500 0.163525 0.047083 0.985415 -1.000800 0.000000 0.000000 0.000000 1.000000
0.987237 0.021021 -0.157866 0.000000 -0.028263 0.998642 -0.043770 10.083500 0.156732 0.047673 0.986490 -1.000800 0.000000 0.000000 0.000000 1.000000
0.988428 0.026852 -0.149293 0.000000 -0.033853 0.998433 -0.044549 10.083500 0.147863 0.049088 0.987789 -1.000800 0.000000 0.000000 0.000000 1.000000
0.989773 0.034025 -0.138536 0.000000 -0.040769 0.998103 -0.046137 10.083500 0.136703 0.051314 0.989282 -1.000800 0.000000 0.000000 0.000000 1.000000
0.991178 0.041966 -0.125716 0.000000 -0.048515 0.997595 -0.049496 10.083500 0.123336 0.055158 0.990831 -1.000800 0.000000 0.000000 0.000000 1.000000
0.992121 0.047418 -0.115964 -0.000000 -0.053952 0.997089 -0.053873 10.083500 0.113072 0.059705 0.991791 -1.000800 0.000000 0.000000 0.000000 1.000000
0.992556 0.049681 -0.111195 0.000000 -0.056370 0.996733 -0.057845 10.083500 0.107958 0.063682 0.992114 -1.000800 0.000000 0.000000 0.000000 1.000000</float_array><technique_common><accessor source="#mixamorig_Spine1-Matrix-animation-output-transform-array" count="37" stride="16"><param type="float4x4"/></accessor></technique_common></source><source id="mixamorig_Spine1-Interpolations"><Name_array id="mixamorig_Spine1-Interpolations-array" count="37">
 LINEAR LINEAR LINEAR LINEAR LINEAR LINEAR LINEAR LINEAR LINEAR LINEAR LINEAR
LINEAR LINEAR LINEAR LINEAR LINEAR LINEAR LINEAR LINEAR LINEAR LINEAR LINEAR LINEAR
LINEAR LINEAR LINEAR LINEAR LINEAR LINEAR LINEAR LINEAR LINEAR LINEAR LINEAR LINEAR
LINEAR LINEAR</Name_array><technique_common><accessor source="#mixamorig_Spine1-Interpolations-array" count="37"><param type="name"/></accessor></technique_common></source><sampler id="mixamorig_Spine1-Matrix-animation-transform"><input semantic="INPUT" source="#mixamorig_Spine1-Matrix-animation-input"/><input semantic="OUTPUT" source="#mixamorig_Spine1-Matrix-animation-output-transform"/><input semantic="INTERPOLATION" source="#mixamorig_Spine1-Interpolations"/></sampler><channel source="#mixamorig_Spine1-Matrix-animation-transform" target="mixamorig_Spine1/matrix"/></animation>
    <animation id="mixamorig_Spine2-anim" name="mixamorig_Spine2"><source id="mixamorig_Spine2-Matrix-animation-input"><float_array id="mixamorig_Spine2-Matrix-animation-input-array" count="37">

0.000000 0.033333 0.066667 0.100000 0.133333 0.166667 0.200000 0.233333 0.266667 0.300000 0.333333 0.366667 0.400000 0.433333 0.466667 0.500000
0.533333 0.566667 0.600000 0.633333 0.666667 0.700000 0.733333 0.766667 0.800000 0.833333 0.866667 0.900000 0.933333 0.966667 1.000000 1.033333
1.066667 1.100000 1.133333 1.166667 1.200000</float_array><technique_common><accessor source="#mixamorig_Spine2-Matrix-animation-input-array" count="37"><param name="TIME" type="float"/></accessor></technique_common></source><source id="mixamorig_Spine2-Matrix-animation-output-transform"><float_array id="mixamorig_Spine2-Matrix-animation-output-transform-array" count="592">

0.992500 0.049509 -0.111773 0.000000 -0.056139 0.996796 -0.056976 9.100000 0.108594 0.062823 0.992099 -1.373400 0.000000 0.000000 0.000000 1.000000
0.993217 0.050482 -0.104742 0.000000 -0.057056 0.996521 -0.060742 9.100000 0.101311 0.066306 0.992643 -1.373400 0.000000 0.000000 0.000000 1.000000
0.994013 0.050060 -0.097123 -0.000000 -0.056404 0.996373 -0.063711 9.100000 0.093581 0.068808 0.993231 -1.373400 0.000000 0.000000 0.000000 1.000000
0.994744 0.048772 -0.090031 -0.000000 -0.054854 0.996287 -0.066360 9.100000 0.086460 0.070950 0.993726 -1.373400 0.000000 0.000000 0.000000 1.000000
0.994912 0.048159 -0.088489 0.000000 -0.054053 0.996389 -0.065470 9.100000 0.085017 0.069920 0.993923 -1.373400 0.000000 0.000000 0.000000 1.000000
0.995025 0.048432 -0.087057 0.000000 -0.054080 0.996500 -0.063739 9.100000 0.083665 0.068130 0.994162 -1.373400 0.000000 0.000000 0.000000 1.000000
0.995184 0.048840 -0.084985 -0.000000 -0.054098 0.996688 -0.060711 9.100000 0.081739 0.065016 0.994531 -1.373400 0.000000 0.000000 0.000000 1.000000
0.995387 0.049597 -0.082128 -0.000000 -0.054396 0.996876 -0.057269 9.100000 0.079031 0.061472 0.994975 -1.373400 0.000000 0.000000 0.000000 1.000000
0.995484 0.052945 -0.078798 0.000000 -0.057368 0.996839 -0.054958 9.100000 0.075640 0.059230 0.995375 -1.373400 0.000000 0.000000 0.000000 1.000000
0.995288 0.060801 -0.075535 -0.000000 -0.065011 0.996390 -0.054592 9.100000 0.071943 0.059245 0.995648 -1.373400 0.000000 0.000000 0.000000 1.000000
0.994775 0.071361 -0.073005 0.000000 -0.075517 0.995580 -0.055839 9.100000 0.068698 0.061060 0.995767 -1.373400 0.000000 0.000000 0.000000 1.000000
0.994260 0.079229 -0.071905 0.000000 -0.083460 0.994829 -0.057879 9.100000 0.066948 0.063548 0.995731 -1.373400 0.000000 0.000000 0.000000 1.000000
0.994124 0.080131 -0.072783 0.000000 -0.084571 0.994602 -0.060114 9.100000 0.067573 0.065916 0.995535 -1.373400 0.000000 0.000000 0.000000 1.000000
0.994286 0.074890 -0.076075 -0.000000 -0.079696 0.994875 -0.062234 9.100000 0.071025 0.067941 0.995158 -1.373400 0.000000 0.000000 0.000000 1.000000
0.994284 0.068098 -0.082232 -0.000000 -0.073439 0.995259 -0.063773 9.100000 0.077499 0.069447 0.994571 -1.373400 0.000000 0.000000 0.000000 1.000000
0.993811 0.063185 -0.091364 0.000000 -0.069164 0.995562 -0.063822 9.100000 0.086926 0.069747 0.993770 -1.373400 0.000000 0.000000 0.000000 1.000000
0.992959 0.059492 -0.102440 -0.000000 -0.066035 0.995907 -0.061710 9.100000 0.098349 0.068040 0.992823 -1.373400 0.000000 0.000000 0.000000 1.000000
0.992134 0.053982 -0.112946 0.000000 -0.060843 0.996449 -0.058202 9.100000 0.109403 0.064616 0.991895 -1.373400 0.000000 0.000000 0.000000 1.000000
0.991758 0.044887 -0.120004 -0.000000 -0.051836 0.997116 -0.055425 9.100000 0.117170 0.061189 0.991225 -1.373400 0.000000 0.000000 0.000000 1.000000
0.991887 0.033670 -0.122584 0.000000 -0.040641 0.997669 -0.054810 9.100000 0.120453 0.059347 0.990943 -1.373400 0.000000 0.000000 0.000000 1.000000
0.992156 0.024065 -0.122666 0.000000 -0.031065 0.997977 -0.055477 9.100000 0.121082 0.058852 0.990896 -1.373400 0.000000 0.000000 0.000000 1.000000
0.992108 0.019322 -0.123888 0.000000 -0.026330 0.998129 -0.055184 9.100000 0.122590 0.058010 0.990761 -1.373400 0.000000 0.000000 0.000000 1.000000
0.991442 0.019930 -0.129019 0.000000 -0.026899 0.998259 -0.052500 9.100000 0.127748 0.055522 0.990251 -1.373400 0.000000 0.000000 0.000000 1.000000
0.990066 0.023169 -0.138680 0.000000 -0.030046 0.998410 -0.047699 9.100000 0.137355 0.051392 0.989188 -1.373400 0.000000 0.000000 0.000000 1.000000
0.988125 0.024786 -0.151637 0.000000 -0.031485 0.998624 -0.041935 9.100000 0.150389 0.046212 0.987546 -1.373400 0.000000 0.000000 0.000000 1.000000
0.986025 0.021876 -0.165153 0.000000 -0.028353 0.998914 -0.036965 9.100000 0.164165 0.041131 0.985575 -1.373400 0.000000 0.000000 0.000000 1.000000
0.984373 0.015627 -0.175404 0.000000 -0.022050 0.999154 -0.034727 9.100000 0.174712 0.038052 0.983884 -1.373400 0.000000 0.000000 0.000000 1.000000
0.983748 0.010366 -0.179254 0.000000 -0.017122 0.999198 -0.036186 9.100000 0.178735 0.038668 0.983137 -1.373400 0.000000 0.000000 0.000000 1.000000
0.984225 0.009288 -0.176677 0.000000 -0.016592 0.999066 -0.039908 9.100000 0.176141 0.042209 0.983459 -1.373400 0.000000 0.000000 0.000000 1.000000
0.985241 0.011841 -0.170761 0.000000 -0.019451 0.998887 -0.042960 9.100000 0.170062 0.045648 0.984375 -1.373400 0.000000 0.000000 0.000000 1.000000
0.986251 0.015757 -0.164503 0.000000 -0.023269 0.998768 -0.043840 9.100000 0.163610 0.047065 0.985402 -1.373400 0.000000 0.000000 0.000000 1.000000
0.987230 0.020272 -0.158003 0.000000 -0.027500 0.998666 -0.043698 9.100000 0.156907 0.047485 0.986471 -1.373400 0.000000 0.000000 0.000000 1.000000
0.988412 0.026158 -0.149526 0.000000 -0.033121 0.998470 -0.044270 9.100000 0.148140 0.048709 0.987766 -1.373400 0.000000 0.000000 0.000000 1.000000
0.989747 0.033465 -0.138856 0.000000 -0.040156 0.998149 -0.045664 9.100000 0.137071 0.050772 0.989259 -1.373400 0.000000 0.000000 0.000000 1.000000
0.991142 0.041587 -0.126130 0.000000 -0.048076 0.997649 -0.048848 9.100000 0.123802 0.054479 0.990810 -1.373400 0.000000 0.000000 0.000000 1.000000
0.992073 0.047180 -0.116468 0.000000 -0.053654 0.997147 -0.053096 9.100000 0.113630 0.058924 0.991774 -1.373400 0.000000 0.000000 0.000000 1.000000
0.992500 0.049509 -0.111773 0.000000 -0.056139 0.996796 -0.056976 9.100000 0.108594 0.062823 0.992099 -1.373400 0.000000 0.000000 0.000000 1.000000</float_array><technique_common><accessor source="#mixamorig_Spine2-Matrix-animation-output-transform-array" count="37" stride="16"><param type="float4x4"/></accessor></technique_common></source><source id="mixamorig_Spine2-Interpolations"><Name_array id="mixamorig_Spine2-Interpolations-array" count="37">
 LINEAR LINEAR LINEAR LINEAR LINEAR LINEAR LINEAR LINEAR LINEAR LINEAR LINEAR
LINEAR LINEAR LINEAR LINEAR LINEAR LINEAR LINEAR LINEAR LINEAR LINEAR LINEAR LINEAR
LINEAR LINEAR LINEAR LINEAR LINEAR LINEAR LINEAR LINEAR LINEAR LINEAR LINEAR LINEAR
LINEAR LINEAR</Name_array><technique_common><accessor source="#mixamorig_Spine2-Interpolations-array" count="37"><param type="name"/></accessor></technique_common></source><sampler id="mixamorig_Spine2-Matrix-animation-transform"><input semantic="INPUT" source="#mixamorig_Spine2-Matrix-animation-input"/><input semantic="OUTPUT" source="#mixamorig_Spine2-Matrix-animation-output-transform"/><input semantic="INTERPOLATION" source="#mixamorig_Spine2-Interpolations"/></sampler><channel source="#mixamorig_Spine2-Matrix-animation-transform" target="mixamorig_Spine2/matrix"/></animation>
    <animation id="mixamorig_Neck-anim" name="mixamorig_Neck"><source id="mixamorig_Neck-Matrix-animation-input"><float_array id="mixamorig_Neck-Matrix-animation-input-array" count="37">

0.000000 0.033333 0.066667 0.100000 0.133333 0.166667 0.200000 0.233333 0.266667 0.300000 0.333333 0.366667 0.400000 0.433333 0.466667 0.500000
0.533333 0.566667 0.600000 0.633333 0.666667 0.700000 0.733333 0.766667 0.800000 0.833333 0.866667 0.900000 0.933333 0.966667 1.000000 1.033333
1.066667 1.100000 1.133333 1.166667 1.200000</float_array><technique_common><accessor source="#mixamorig_Neck-Matrix-animation-input-array" count="37"><param name="TIME" type="float"/></accessor></technique_common></source><source id="mixamorig_Neck-Matrix-animation-output-transform"><float_array id="mixamorig_Neck-Matrix-animation-output-transform-array" count="592">

0.993011 -0.108113 0.047344 0.000000 0.115227 0.974876 -0.190630 16.671700 -0.025545 0.194753 0.980520 -2.516200 0.000000 0.000000 0.000000 1.000000
0.992516 -0.112734 0.046938 0.000000 0.119718 0.974076 -0.191947 16.671700 -0.024082 0.196130 0.980282 -2.516200 0.000000 0.000000 0.000000 1.000000
0.991967 -0.117584 0.046638 0.000000 0.124424 0.973435 -0.192208 16.671700 -0.022798 0.196466 0.980245 -2.516200 0.000000 0.000000 0.000000 1.000000
0.991303 -0.123086 0.046564 0.000000 0.129816 0.972657 -0.192578 16.671700 -0.021587 0.196948 0.980176 -2.516200 0.000000 0.000000 0.000000 1.000000
0.991169 -0.124004 0.046979 0.000000 0.130810 0.972429 -0.193055 16.671700 -0.021744 0.197496 0.980063 -2.516200 0.000000 0.000000 0.000000 1.000000
0.991106 -0.124296 0.047530 0.000000 0.131245 0.972025 -0.194790 16.671700 -0.021989 0.199295 0.979693 -2.516200 0.000000 0.000000 0.000000 1.000000
0.991199 -0.123370 0.047996 0.000000 0.130460 0.971862 -0.196124 16.671700 -0.022449 0.200659 0.979404 -2.516200 0.000000 0.000000 0.000000 1.000000
0.991425 -0.121525 0.048037 -0.000000 0.128665 0.972048 -0.196385 16.671700 -0.022829 0.200882 0.979349 -2.516200 0.000000 0.000000 0.000000 1.000000
0.991730 -0.119140 0.047723 0.000000 0.126268 0.972332 -0.196537 16.671700 -0.022987 0.200938 0.979334 -2.516200 0.000000 0.000000 0.000000 1.000000
0.992104 -0.115955 0.047793 0.000000 0.123179 0.972556 -0.197390 16.671700 -0.023593 0.201718 0.979159 -2.516200 0.000000 0.000000 0.000000 1.000000
0.992525 -0.111788 0.048962 0.000000 0.119347 0.972900 -0.198045 16.671700 -0.025496 0.202408 0.978969 -2.516200 0.000000 0.000000 0.000000 1.000000
0.992904 -0.107470 0.050910 -0.000000 0.115485 0.973532 -0.197229 16.671700 -0.028366 0.201709 0.979035 -2.516200 0.000000 0.000000 0.000000 1.000000
0.993186 -0.104124 0.052336 0.000000 0.112438 0.974240 -0.195485 16.671700 -0.030633 0.200037 0.979309 -2.516200 0.000000 0.000000 0.000000 1.000000
0.993427 -0.101835 0.052274 -0.000000 0.110149 0.974703 -0.194478 16.671700 -0.031147 0.198958 0.979513 -2.516200 0.000000 0.000000 0.000000 1.000000
0.993694 -0.099772 0.051158 0.000000 0.107907 0.974925 -0.194618 16.671700 -0.030458 0.198912 0.979544 -2.516200 0.000000 0.000000 0.000000 1.000000
0.993993 -0.097166 0.050374 0.000000 0.105208 0.975133 -0.195056 16.671700 -0.030168 0.199184 0.979498 -2.516200 0.000000 0.000000 0.000000 1.000000
0.994323 -0.093485 0.050822 0.000000 0.101696 0.975440 -0.195381 16.671700 -0.031309 0.199441 0.979410 -2.516200 0.000000 0.000000 0.000000 1.000000
0.994741 -0.088250 0.051991 0.000000 0.096794 0.975936 -0.195396 16.671700 -0.033496 0.199401 0.979345 -2.516200 0.000000 0.000000 0.000000 1.000000
0.995289 -0.081494 0.052525 0.000000 0.090221 0.976851 -0.193966 16.671700 -0.035502 0.197791 0.979601 -2.516200 0.000000 0.000000 0.000000 1.000000
0.995887 -0.074396 0.051713 0.000000 0.082960 0.978201 -0.190368 16.671700 -0.036424 0.193875 0.980350 -2.516200 0.000000 0.000000 0.000000 1.000000
0.996355 -0.068999 0.050167 0.000000 0.077211 0.979443 -0.186361 16.671700 -0.036277 0.189555 0.981200 -2.516200 0.000000 0.000000 0.000000 1.000000
0.996560 -0.066902 0.048916 0.000000 0.074858 0.979910 -0.184858 16.671700 -0.035566 0.187884 0.981547 -2.516200 0.000000 0.000000 0.000000 1.000000
0.996505 -0.068225 0.048194 0.000000 0.076084 0.979488 -0.186585 16.671700 -0.034476 0.189600 0.981256 -2.516200 0.000000 0.000000 0.000000 1.000000
0.996299 -0.071703 0.047398 -0.000000 0.079445 0.978686 -0.189373 16.671700 -0.032809 0.192438 0.980761 -2.516200 0.000000 0.000000 0.000000 1.000000
0.996081 -0.075557 0.045983 -0.000000 0.082993 0.978172 -0.190506 16.671700 -0.030585 0.193576 0.980609 -2.516200 0.000000 0.000000 0.000000 1.000000
0.995930 -0.078628 0.044066 0.000000 0.085597 0.978214 -0.189131 16.671700 -0.028235 0.192133 0.980963 -2.516200 0.000000 0.000000 0.000000 1.000000
0.995807 -0.081199 0.042127 0.000000 0.087690 0.978465 -0.186860 16.671700 -0.026047 0.189770 0.981483 -2.516200 0.000000 0.000000 0.000000 1.000000
0.995603 -0.084518 0.040398 0.000000 0.090604 0.978352 -0.186063 16.671700 -0.023798 0.188905 0.981707 -2.516200 0.000000 0.000000 0.000000 1.000000
0.995256 -0.089226 0.038788 0.000000 0.094943 0.977777 -0.186918 16.671700 -0.021248 0.189714 0.981609 -2.516200 0.000000 0.000000 0.000000 1.000000
0.994836 -0.094340 0.037431 0.000000 0.099708 0.977317 -0.186839 16.671700 -0.018956 0.189606 0.981677 -2.516200 0.000000 0.000000 0.000000 1.000000
0.994507 -0.097934 0.036942 0.000000 0.103094 0.977520 -0.183919 16.671700 -0.018099 0.186718 0.982247 -2.516200 0.000000 0.000000 0.000000 1.000000
0.994388 -0.098816 0.037788 0.000000 0.104041 0.978164 -0.179920 16.671700 -0.019184 0.182842 0.982955 -2.516200 0.000000 0.000000 0.000000 1.000000
0.994445 -0.097500 0.039653 0.000000 0.103051 0.978571 -0.178266 16.671700 -0.021423 0.181362 0.983183 -2.516200 0.000000 0.000000 0.000000 1.000000
0.994548 -0.095539 0.041798 0.000000 0.101550 0.978438 -0.179849 16.671700 -0.023714 0.183113 0.982806 -2.516200 0.000000 0.000000 0.000000 1.000000
0.994305 -0.097000 0.044151 -0.000000 0.103527 0.977462 -0.183985 16.671700 -0.025310 0.187508 0.981937 -2.516200 0.000000 0.000000 0.000000 1.000000
0.993682 -0.102283 0.046188 0.000000 0.109208 0.976086 -0.187963 16.671700 -0.025858 0.191820 0.981089 -2.516200 0.000000 0.000000 0.000000 1.000000
0.993011 -0.108113 0.047344 -0.000000 0.115227 0.974876 -0.190630 16.671700 -0.025545 0.194753 0.980520 -2.516200 0.000000 0.000000 0.000000 1.000000</float_array><technique_common><accessor source="#mixamorig_Neck-Matrix-animation-output-transform-array" count="37" stride="16"><param type="float4x4"/></accessor></technique_common></source><source id="mixamorig_Neck-Interpolations"><Name_array id="mixamorig_Neck-Interpolations-array" count="37">
 LINEAR LINEAR LINEAR LINEAR LINEAR LINEAR LINEAR LINEAR LINEAR LINEAR LINEAR
LINEAR LINEAR LINEAR LINEAR LINEAR LINEAR LINEAR LINEAR LINEAR LINEAR LINEAR LINEAR
LINEAR LINEAR LINEAR LINEAR LINEAR LINEAR LINEAR LINEAR LINEAR LINEAR LINEAR LINEAR
LINEAR LINEAR</Name_array><technique_common><accessor source="#mixamorig_Neck-Interpolations-array" count="37"><param type="name"/></accessor></technique_common></source><sampler id="mixamorig_Neck-Matrix-animation-transform"><input semantic="INPUT" source="#mixamorig_Neck-Matrix-animation-input"/><input semantic="OUTPUT" source="#mixamorig_Neck-Matrix-animation-output-transform"/><input semantic="INTERPOLATION" source="#mixamorig_Neck-Interpolations"/></sampler><channel source="#mixamorig_Neck-Matrix-animation-transform" target="mixamorig_Neck/matrix"/></animation>
    <animation id="mixamorig_Head-anim" name="mixamorig_Head"><source id="mixamorig_Head-Matrix-animation-input"><float_array id="mixamorig_Head-Matrix-animation-input-array" count="37">

0.000000 0.033333 0.066667 0.100000 0.133333 0.166667 0.200000 0.233333 0.266667 0.300000 0.333333 0.366667 0.400000 0.433333 0.466667 0.500000
0.533333 0.566667 0.600000 0.633333 0.666667 0.700000 0.733333 0.766667 0.800000 0.833333 0.866667 0.900000 0.933333 0.966667 1.000000 1.033333
1.066667 1.100000 1.133333 1.166667 1.200000</float_array><technique_common><accessor source="#mixamorig_Head-Matrix-animation-input-array" count="37"><param name="TIME" type="float"/></accessor></technique_common></source><source id="mixamorig_Head-Matrix-animation-output-transform"><float_array id="mixamorig_Head-Matrix-animation-output-transform-array" count="592">

0.937384 -0.025883 0.347335 0.000000 0.074990 0.988845 -0.128696 9.617900 -0.340129 0.146685 0.928868 1.685000 0.000000 0.000000 0.000000 1.000000
0.934931 -0.015692 0.354481 0.000000 0.071192 0.987003 -0.144075 9.617900 -0.347613 0.159936 0.923897 1.685000 0.000000 0.000000 0.000000 1.000000
0.932182 -0.007516 0.361912 -0.000000 0.068977 0.985154 -0.157205 9.617900 -0.355358 0.171508 0.918861 1.685000 0.000000 0.000000 0.000000 1.000000
0.928917 -0.002301 0.370281 0.000000 0.069688 0.983198 -0.168717 9.617900 -0.363672 0.182528 0.913469 1.685000 0.000000 0.000000 0.000000 1.000000
0.928567 -0.008486 0.371068 0.000000 0.074755 0.983528 -0.164575 9.617900 -0.363559 0.180558 0.913906 1.685000 0.000000 0.000000 0.000000 1.000000
0.928309 -0.015029 0.371505 0.000000 0.079940 0.983883 -0.159949 9.617900 -0.363114 0.178180 0.914549 1.685000 0.000000 0.000000 0.000000 1.000000
0.928384 -0.019197 0.371126 0.000000 0.083170 0.984066 -0.157150 9.617900 -0.362196 0.176762 0.915188 1.685000 0.000000 0.000000 0.000000 1.000000
0.929011 -0.018809 0.369573 0.000000 0.083066 0.983821 -0.158735 9.617900 -0.360608 0.178166 0.915543 1.685000 0.000000 0.000000 0.000000 1.000000
