<?xml version="1.0" encoding="utf-8"?>
<COLLADA xmlns="http://www.collada.org/2005/11/COLLADASchema" version="1.4.1">
  <asset><contributor><author>Mixamo</author><authoring_tool>COLLADA Mixamo exporter</authoring_tool><comments></comments></contributor><created>2018-10-28T16:04:54Z</created><modified>2018-10-28T16:04:54Z</modified><revision></revision><title></title><unit meter="0.010000"/><up_axis>Y_UP</up_axis></asset>
  <library_animations>
    <animation id="mixamorig_Hips-anim" name="mixamorig_Hips"><source id="mixamorig_Hips-Matrix-animation-input"><float_array id="mixamorig_Hips-Matrix-animation-input-array" count="44">

0.000000 0.033333 0.066667 0.100000 0.133333 0.166667 0.200000 0.233333 0.266667 0.300000 0.333333 0.366667 0.400000 0.433333 0.466667 0.500000
0.533333 0.566667 0.600000 0.633333 0.666667 0.700000 0.733333 0.766667 0.800000 0.833333 0.866667 0.900000 0.933333 0.966667 1.000000 1.033333
1.066667 1.100000 1.133333 1.166667 1.200000 1.233333 1.266667 1.300000 1.333333 1.366667 1.400000 1.433333</float_array><technique_common><accessor source="#mixamorig_Hips-Matrix-animation-input-array" count="44"><param name="TIME" type="float"/></accessor></technique_common></source><source id="mixamorig_Hips-Matrix-animation-output-transform"><float_array id="mixamorig_Hips-Matrix-animation-output-transform-array" count="704">

0.896280 0.076783 -0.436790 -0.333248 -0.098279 0.994798 -0.026790 84.998306 0.432461 0.066939 0.899164 0.923603 0.000000 0.000000 0.000000 1.000000
0.886084 0.070515 -0.458129 -0.420148 -0.091304 0.995549 -0.023360 85.047508 0.454443 0.062528 0.888578 9.440017 0.000000 0.000000 0.000000 1.000000
0.871798 0.058008 -0.486419 -0.524786 -0.079707 0.996529 -0.024017 85.820740 0.483337 0.059709 0.873396 18.076744 0.000000 0.000000 0.000000 1.000000
0.854986 0.040459 -0.517070 -0.630557 -0.065150 0.997434 -0.029681 86.906677 0.514543 0.059064 0.855428 26.676172 0.000000 0.000000 0.000000 1.000000
0.837755 0.021288 -0.545631 -0.717058 -0.050884 0.997935 -0.039191 88.060112 0.543670 0.060596 0.837109 35.187660 0.000000 0.000000 0.000000 1.000000
0.823373 0.002598 -0.567495 -0.754497 -0.036835 0.998125 -0.048874 89.112831 0.566304 0.061146 0.821925 43.632248 0.000000 0.000000 0.000000 1.000000
0.815408 -0.012776 -0.578746 -0.695671 -0.023615 0.998190 -0.055307 89.915924 0.578405 0.058765 0.813630 52.095348 0.000000 0.000000 0.000000 1.000000
0.814927 -0.022416 -0.579130 -0.484720 -0.014063 0.998193 -0.058426 90.254982 0.579393 0.055758 0.813139 60.694416 0.000000 0.000000 0.000000 1.000000
0.820515 -0.022807 -0.571171 -0.099662 -0.013457 0.998156 -0.059188 90.022949 0.571467 0.056251 0.818695 69.422241 0.000000 0.000000 0.000000 1.000000
0.829903 -0.015651 -0.557688 0.252152 -0.020038 0.998125 -0.057830 89.003326 0.557548 0.059168 0.828034 77.998398 0.000000 0.000000 0.000000 1.000000
0.841109 -0.011728 -0.540738 0.417664 -0.021033 0.998299 -0.054368 87.217262 0.540456 0.057103 0.839432 86.117577 0.000000 0.000000 0.000000 1.000000
0.854373 -0.006493 -0.519619 0.607038 -0.023012 0.998468 -0.050314 85.153923 0.519150 0.054944 0.852915 94.232170 0.000000 0.000000 0.000000 1.000000
0.868596 -0.001642 -0.495518 0.800435 -0.026132 0.998451 -0.049115 84.276802 0.494831 0.055611 0.867208 102.384720 0.000000 0.000000 0.000000 1.000000
0.881430 0.005697 -0.472281 0.998827 -0.035555 0.997890 -0.054319 84.861099 0.470975 0.064670 0.879773 110.614746 0.000000 0.000000 0.000000 1.000000
0.891881 0.013319 -0.452074 1.190836 -0.048871 0.996552 -0.067055 86.635963 0.449622 0.081899 0.889456 118.800911 0.000000 0.000000 0.000000 1.000000
0.900635 0.016592 -0.434260 1.345489 -0.059436 0.994584 -0.085266 88.544380 0.430493 0.102604 0.896743 127.006851 0.000000 0.000000 0.000000 1.000000
0.907954 0.019893 -0.418597 1.430308 -0.069934 0.992058 -0.104545 89.794052 0.413193 0.124196 0.902135 135.337540 0.000000 0.000000 0.000000 1.000000
0.913464 0.024735 -0.406166 1.422764 -0.080051 0.989569 -0.119770 90.452530 0.398967 0.141920 0.905916 143.814224 0.000000 0.000000 0.000000 1.000000
0.917525 0.027670 -0.396714 1.295004 -0.085353 0.988031 -0.128490 90.471832 0.388411 0.151753 0.908905 152.538193 0.000000 0.000000 0.000000 1.000000
0.921053 0.019036 -0.388972 1.063384 -0.075849 0.988446 -0.131230 89.601746 0.381980 0.150373 0.911855 161.649872 0.000000 0.000000 0.000000 1.000000
0.922046 0.005131 -0.387047 0.849041 -0.058950 0.990110 -0.127309 88.131348 0.382565 0.140201 0.913229 170.615250 0.000000 0.000000 0.000000 1.000000
0.921889 -0.002549 -0.387447 0.580532 -0.047024 0.991850 -0.118416 86.515923 0.384591 0.127386 0.914255 178.996155 0.000000 0.000000 0.000000 1.000000
0.921497 -0.007689 -0.388309 0.330550 -0.036704 0.993605 -0.106776 85.250351 0.386647 0.112646 0.915322 187.163132 0.000000 0.000000 0.000000 1.000000
0.919299 -0.012831 -0.393351 0.017245 -0.026982 0.995062 -0.095519 85.055969 0.392635 0.098424 0.914413 195.088806 0.000000 0.000000 0.000000 1.000000
0.914746 -0.022289 -0.403415 -0.322200 -0.015149 0.995883 -0.089374 85.844536 0.403746 0.087865 0.910642 203.288727 0.000000 0.000000 0.000000 1.000000
0.908271 -0.035852 -0.416843 -0.682163 -0.002540 0.995831 -0.091185 87.302780 0.418374 0.083879 0.904393 211.743835 0.000000 0.000000 0.000000 1.000000
0.901612 -0.050688 -0.429566 -1.071475 0.008813 0.995057 -0.098917 88.756874 0.432457 0.085399 0.897601 220.307327 0.000000 0.000000 0.000000 1.000000
0.896763 -0.066721 -0.437451 -1.451113 0.021653 0.994000 -0.107217 89.876312 0.441980 0.086676 0.892827 228.809006 0.000000 0.000000 0.000000 1.000000
0.896138 -0.078891 -0.436706 -1.871148 0.033420 0.993274 -0.110856 90.706718 0.442514 0.084748 0.892748 237.250320 0.000000 0.000000 0.000000 1.000000
0.899441 -0.078766 -0.429885 -2.142660 0.035396 0.993523 -0.107980 90.702606 0.435606 0.081905 0.896403 246.263870 0.000000 0.000000 0.000000 1.000000
0.904780 -0.062197 -0.421313 -2.218622 0.022337 0.994847 -0.098896 90.042763 0.425293 0.080069 0.901507 255.716736 0.000000 0.000000 0.000000 1.000000
0.909788 -0.037163 -0.413406 -2.105796 0.002418 0.996441 -0.084255 88.251610 0.415066 0.075654 0.906640 264.953949 0.000000 0.000000 0.000000 1.000000
0.916346 -0.022369 -0.399763 -1.957931 -0.004703 0.997768 -0.066611 86.436844 0.400360 0.062918 0.914195 273.565796 0.000000 0.000000 0.000000 1.000000
0.923584 -0.002444 -0.383388 -1.724556 -0.018584 0.998519 -0.051135 85.180557 0.382945 0.054352 0.922171 282.257965 0.000000 0.000000 0.000000 1.000000
0.930823 0.019614 -0.364943 -1.434604 -0.036294 0.998584 -0.038901 85.374001 0.363663 0.049455 0.930217 290.746002 0.000000 0.000000 0.000000 1.000000
0.934781 0.042280 -0.352701 -1.100541 -0.056631 0.997930 -0.030465 86.848724 0.350683 0.048452 0.935240 299.077423 0.000000 0.000000 0.000000 1.000000
0.934632 0.059719 -0.350567 -0.773820 -0.074297 0.996835 -0.028269 88.465569 0.347769 0.052467 0.936111 307.211548 0.000000 0.000000 0.000000 1.000000
0.931762 0.067295 -0.356779 -0.514373 -0.083882 0.995987 -0.031206 89.520966 0.353248 0.059004 0.933667 315.237091 0.000000 0.000000 0.000000 1.000000
0.926342 0.069933 -0.370136 -0.330400 -0.088733 0.995475 -0.033988 90.114990 0.366084 0.064328 0.928356 323.330566 0.000000 0.000000 0.000000 1.000000
0.917415 0.077105 -0.390391 -0.220126 -0.097044 0.994779 -0.031576 90.171486 0.385918 0.066853 0.920108 331.529388 0.000000 0.000000 0.000000 1.000000
0.907098 0.082389 -0.412778 -0.226585 -0.101562 0.994523 -0.024682 89.429276 0.408483 0.064311 0.910497 340.104248 0.000000 0.000000 0.000000 1.000000
0.897435 0.077248 -0.434332 -0.326950 -0.094087 0.995412 -0.017368 87.800766 0.430998 0.056451 0.900586 348.958313 0.000000 0.000000 0.000000 1.000000
0.890136 0.073809 -0.449679 -0.350084 -0.089238 0.995923 -0.013177 86.061539 0.446873 0.051858 0.893093 357.561951 0.000000 0.000000 0.000000 1.000000
0.896279 0.076783 -0.436792 -0.333562 -0.098279 0.994798 -0.026790 84.998299 0.432463 0.066939 0.899163 365.753265 0.000000 0.000000 0.000000 1.000000</float_array><technique_common><accessor source="#mixamorig_Hips-Matrix-animation-output-transform-array" count="44" stride="16"><param type="float4x4"/></accessor></technique_common></source><source id="mixamorig_Hips-Interpolations"><Name_array id="mixamorig_Hips-Interpolations-array" count="44">
 LINEAR LINEAR LINEAR LINEAR LINEAR LINEAR LINEAR LINEAR LINEAR LINEAR LINEAR
LINEAR LINEAR LINEAR LINEAR LINEAR LINEAR LINEAR LINEAR LINEAR LINEAR LINEAR LINEAR
LINEAR LINEAR LINEAR LINEAR LINEAR LINEAR LINEAR LINEAR LINEAR LINEAR LINEAR LINEAR
LINEAR LINEAR LINEAR LINEAR LINEAR LINEAR LINEAR LINEAR LINEAR</Name_array><technique_common><accessor source="#mixamorig_Hips-Interpolations-array" count="44"><param type="name"/></accessor></technique_common></source><sampler id="mixamorig_Hips-Matrix-animation-transform"><input semantic="INPUT" source="#mixamorig_Hips-Matrix-animation-input"/><input semantic="OUTPUT" source="#mixamorig_Hips-Matrix-animation-output-transform"/><input semantic="INTERPOLATION" source="#mixamorig_Hips-Interpolations"/></sampler><channel source="#mixamorig_Hips-Matrix-animation-transform" target="mixamorig_Hips/matrix"/></animation>
    <animation id="mixamorig_Spine-anim" name="mixamorig_Spine"><source id="mixamorig_Spine-Matrix-animation-input"><float_array id="mixamorig_Spine-Matrix-animation-input-array" count="44">

0.000000 0.033333 0.066667 0.100000 0.133333 0.166667 0.200000 0.233333 0.266667 0.300000 0.333333 0.366667 0.400000 0.433333 0.466667 0.500000
0.533333 0.566667 0.600000 0.633333 0.666667 0.700000 0.733333 0.766667 0.800000 0.833333 0.866667 0.900000 0.933333 0.966667 1.000000 1.033333
1.066667 1.100000 1.133333 1.166667 1.200000 1.233333 1.266667 1.300000 1.333333 1.366667 1.400000 1.433333</float_array><technique_common><accessor source="#mixamorig_Spine-Matrix-animation-input-array" count="44"><param name="TIME" type="float"/></accessor></technique_common></source><source id="mixamorig_Spine-Matrix-animation-output-transform"><float_array id="mixamorig_Spine-Matrix-animation-output-transform-array" count="704">

0.999491 -0.031870 -0.001721 -0.000000 0.031398 0.991504 -0.126230 10.181600 0.005729 0.126112 0.991999 0.131500 0.000000 0.000000 0.000000 1.000000
0.999528 -0.030720 0.000142 -0.000000 0.030493 0.991557 -0.126037 10.181600 0.003731 0.125982 0.992026 0.131500 0.000000 0.000000 0.000000 1.000000
0.999669 -0.025532 0.003170 -0.000000 0.025728 0.991817 -0.125047 10.181600 0.000049 0.125088 0.992146 0.131500 0.000000 0.000000 0.000000 1.000000
0.999822 -0.017618 0.006795 0.000000 0.018322 0.992198 -0.123317 10.181600 -0.004570 0.123420 0.992344 0.131500 0.000000 0.000000 0.000000 1.000000
0.999898 -0.009171 0.010953 0.000000 0.010431 0.992579 -0.121155 10.181600 -0.009760 0.121257 0.992573 0.131500 0.000000 0.000000 0.000000 1.000000
0.999893 -0.000051 0.014658 0.000000 0.001799 0.992862 -0.119259 10.181600 -0.014547 0.119273 0.992755 0.131500 0.000000 0.000000 0.000000 1.000000
0.999831 0.008015 0.016556 0.000000 -0.006001 0.992964 -0.118263 10.181600 -0.017387 0.118144 0.992844 0.131500 0.000000 0.000000 0.000000 1.000000
0.999777 0.012738 0.016820 0.000000 -0.010663 0.992937 -0.118161 10.181600 -0.018206 0.117955 0.992852 0.131500 0.000000 0.000000 0.000000 1.000000
0.999799 0.011467 0.016430 -0.000000 -0.009435 0.992876 -0.118782 10.181600 -0.017675 0.118603 0.992784 0.131500 0.000000 0.000000 0.000000 1.000000
0.999854 0.007179 0.015535 -0.000000 -0.005260 0.992739 -0.120177 10.181600 -0.016285 0.120078 0.992631 0.131500 0.000000 0.000000 0.000000 1.000000
0.999885 0.007798 0.013031 0.000000 -0.006144 0.992458 -0.122429 10.181600 -0.013888 0.122335 0.992392 0.131500 0.000000 0.000000 0.000000 1.000000
0.999936 0.007222 0.008747 0.000000 -0.006072 0.992137 -0.125006 10.181600 -0.009581 0.124945 0.992117 0.131500 0.000000 0.000000 0.000000 1.000000
0.999978 0.005846 0.003157 0.000000 -0.005398 0.991886 -0.127016 10.181600 -0.003874 0.126996 0.991896 0.131500 0.000000 0.000000 0.000000 1.000000
0.999999 -0.000751 -0.001176 0.000000 0.000594 0.991830 -0.127566 10.181600 0.001262 0.127565 0.991829 0.131500 0.000000 0.000000 0.000000 1.000000
0.999939 -0.010448 -0.003504 0.000000 0.009921 0.991937 -0.126345 10.181600 0.004795 0.126303 0.991980 0.131500 0.000000 0.000000 0.000000 1.000000
0.999833 -0.017530 -0.005120 0.000000 0.016762 0.992180 -0.123687 10.181600 0.007248 0.123580 0.992308 0.131500 0.000000 0.000000 0.000000 1.000000
0.999667 -0.025139 -0.005829 0.000000 0.024254 0.992421 -0.120466 10.181600 0.008813 0.120284 0.992700 0.131500 0.000000 0.000000 0.000000 1.000000
0.999480 -0.031762 -0.005622 0.000000 0.030880 0.992562 -0.117759 10.181600 0.009320 0.117524 0.993026 0.131500 0.000000 0.000000 0.000000 1.000000
0.999345 -0.035747 -0.005548 -0.000000 0.034861 0.992617 -0.116174 10.181600 0.009660 0.115904 0.993213 0.131500 0.000000 0.000000 0.000000 1.000000
0.999420 -0.033340 -0.006964 0.000000 0.032312 0.992760 -0.115683 10.181600 0.010771 0.115391 0.993262 0.131500 0.000000 0.000000 0.000000 1.000000
0.999599 -0.027400 -0.007111 0.000000 0.026386 0.992840 -0.116500 10.181600 0.010253 0.116266 0.993165 0.131500 0.000000 0.000000 0.000000 1.000000
0.999706 -0.023334 -0.006543 0.000000 0.022396 0.992715 -0.118384 10.181600 0.009258 0.118203 0.992946 0.131500 0.000000 0.000000 0.000000 1.000000
0.999783 -0.019752 -0.006589 0.000000 0.018812 0.992507 -0.120728 10.181600 0.008924 0.120578 0.992664 0.131500 0.000000 0.000000 0.000000 1.000000
0.999810 -0.018743 -0.005265 0.000000 0.017956 0.992277 -0.122739 10.181600 0.007525 0.122621 0.992425 0.131500 0.000000 0.000000 0.000000 1.000000
0.999853 -0.016928 -0.002552 0.000000 0.016484 0.992221 -0.123393 10.181600 0.004621 0.123333 0.992355 0.131500 0.000000 0.000000 0.000000 1.000000
0.999931 -0.011579 0.001715 0.000000 0.011702 0.992443 -0.122145 10.181600 -0.000288 0.122157 0.992511 0.131500 0.000000 0.000000 0.000000 1.000000
0.999977 -0.003363 0.005939 0.000000 0.004048 0.992831 -0.119459 10.181600 -0.005494 0.119480 0.992821 0.131500 0.000000 0.000000 0.000000 1.000000
0.999932 0.008547 0.007988 0.000000 -0.007558 0.993166 -0.116468 10.181600 -0.008928 0.116400 0.993162 0.131500 0.000000 0.000000 0.000000 1.000000
0.999778 0.020324 0.005645 0.000000 -0.019546 0.993259 -0.114258 10.181600 -0.007929 0.114123 0.993435 0.131500 0.000000 0.000000 0.000000 1.000000
0.999681 0.025083 0.002848 0.000000 -0.024598 0.993252 -0.113338 10.181600 -0.005671 0.113231 0.993552 0.131500 0.000000 0.000000 0.000000 1.000000
0.999765 0.021399 0.003576 0.000000 -0.020852 0.993270 -0.113931 10.181600 -0.005990 0.113830 0.993482 0.131500 0.000000 0.000000 0.000000 1.000000
0.999870 0.013848 0.008228 0.000000 -0.012799 0.993157 -0.116081 10.181600 -0.009779 0.115960 0.993206 0.131500 0.000000 0.000000 0.000000 1.000000
0.999871 0.014701 0.006519 0.000000 -0.013818 0.992754 -0.119368 10.181600 -0.008227 0.119263 0.992829 0.131500 0.000000 0.000000 0.000000 1.000000
0.999939 0.010305 0.004092 -0.000000 -0.009725 0.992398 -0.122683 10.181600 -0.005325 0.122636 0.992437 0.131500 0.000000 0.000000 0.000000 1.000000
0.999994 0.003333 -0.000493 0.000000 -0.003369 0.992056 -0.125752 10.181600 0.000070 0.125753 0.992062 0.131500 0.000000 0.000000 0.000000 1.000000
0.999971 -0.006576 -0.003958 0.000000 0.006014 0.991724 -0.128249 10.181600 0.004768 0.128222 0.991734 0.131500 0.000000 0.000000 0.000000 1.000000
0.999855 -0.016293 -0.004927 0.000000 0.015519 0.991480 -0.129332 10.181600 0.006992 0.129237 0.991589 0.131500 0.000000 0.000000 0.000000 1.000000
0.999758 -0.021448 -0.004918 0.000000 0.020635 0.991437 -0.128946 10.181600 0.007642 0.128813 0.991639 0.131500 0.000000 0.000000 0.000000 1.000000
0.999710 -0.023717 -0.004264 0.000000 0.022976 0.991502 -0.128043 10.181600 0.007265 0.127908 0.991759 0.131500 0.000000 0.000000 0.000000 1.000000
0.999610 -0.027850 -0.001897 0.000000 0.027380 0.991435 -0.127699 10.181600 0.005437 0.127597 0.991811 0.131500 0.000000 0.000000 0.000000 1.000000
0.999568 -0.029389 -0.000020 0.000000 0.029144 0.991342 -0.128027 10.181600 0.003782 0.127971 0.991771 0.131500 0.000000 0.000000 0.000000 1.000000
0.999669 -0.025727 0.000477 0.000000 0.025575 0.991376 -0.128532 10.181600 0.002834 0.128501 0.991705 0.131500 0.000000 0.000000 0.000000 1.000000
0.999693 -0.024766 0.000748 0.000000 0.024656 0.991367 -0.128778 10.181600 0.002448 0.128756 0.991673 0.131500 0.000000 0.000000 0.000000 1.000000
0.999491 -0.031853 -0.001696 -0.000000 0.031385 0.991504 -0.126233 10.181600 0.005703 0.126115 0.991999 0.131500 0.000000 0.000000 0.000000 1.000000</float_array><technique_common><accessor source="#mixamorig_Spine-Matrix-animation-output-transform-array" count="44" stride="16"><param type="float4x4"/></accessor></technique_common></source><source id="mixamorig_Spine-Interpolations"><Name_array id="mixamorig_Spine-Interpolations-array" count="44">
 LINEAR LINEAR LINEAR LINEAR LINEAR LINEAR LINEAR LINEAR LINEAR LINEAR LINEAR
LINEAR LINEAR LINEAR LINEAR LINEAR LINEAR LINEAR LINEAR LINEAR LINEAR LINEAR LINEAR
LINEAR LINEAR LINEAR LINEAR LINEAR LINEAR LINEAR LINEAR LINEAR LINEAR LINEAR LINEAR
LINEAR LINEAR LINEAR LINEAR LINEAR LINEAR LINEAR LINEAR LINEAR</Name_array><technique_common><accessor source="#mixamorig_Spine-Interpolations-array" count="44"><param type="name"/></accessor></technique_common></source><sampler id="mixamorig_Spine-Matrix-animation-transform"><input semantic="INPUT" source="#mixamorig_Spine-Matrix-animation-input"/><input semantic="OUTPUT" source="#mixamorig_Spine-Matrix-animation-output-transform"/><input semantic="INTERPOLATION" source="#mixamorig_Spine-Interpolations"/></sampler><channel source="#mixamorig_Spine-Matrix-animation-transform" target="mixamorig_Spine/matrix"/></animation>
    <animation id="mixamorig_Spine1-anim" name="mixamorig_Spine1"><source id="mixamorig_Spine1-Matrix-animation-input"><float_array id="mixamorig_Spine1-Matrix-animation-input-array" count="44">

0.000000 0.033333 0.066667 0.100000 0.133333 0.166667 0.200000 0.233333 0.266667 0.300000 0.333333 0.366667 0.400000 0.433333 0.466667 0.500000
0.533333 0.566667 0.600000 0.633333 0.666667 0.700000 0.733333 0.766667 0.800000 0.833333 0.866667 0.900000 0.933333 0.966667 1.000000 1.033333
1.066667 1.100000 1.133333 1.166667 1.200000 1.233333 1.266667 1.300000 1.333333 1.366667 1.400000 1.433333</float_array><technique_common><accessor source="#mixamorig_Spine1-Matrix-animation-input-array" count="44"><param name="TIME" type="float"/></accessor></technique_common></source><source id="mixamorig_Spine1-Matrix-animation-output-transform"><float_array id="mixamorig_Spine1-Matrix-animation-output-transform-array" count="704">

0.999009 -0.044401 -0.003139 -0.000000 0.042201 0.967215 -0.250430 10.083500 0.014156 0.250049 0.968130 -1.000800 0.000000 0.000000 0.000000 1.000000
0.999424 -0.033919 -0.000698 0.000000 0.032667 0.967681 -0.250051 10.083500 0.009157 0.249884 0.968232 -1.000800 0.000000 0.000000 0.000000 1.000000
0.999771 -0.021212 0.002734 0.000000 0.021227 0.968483 -0.248174 10.083500 0.002616 0.248175 0.968712 -1.000800 0.000000 0.000000 0.000000 1.000000
0.999949 -0.007691 0.006470 0.000000 0.009042 0.969513 -0.244872 10.083500 -0.004390 0.244919 0.969534 -1.000800 0.000000 0.000000 0.000000 1.000000
0.999936 0.004869 0.010225 0.000000 -0.002265 0.970591 -0.240724 10.083500 -0.011097 0.240685 0.970540 -1.000800 0.000000 0.000000 0.000000 1.000000
0.999795 0.015106 0.013484 0.000000 -0.011480 0.971434 -0.237034 10.083500 -0.016680 0.236830 0.971408 -1.000800 0.000000 0.000000 0.000000 1.000000
0.999631 0.022414 0.015331 0.000000 -0.018186 0.971818 -0.235031 10.083500 -0.020167 0.234665 0.971867 -1.000800 0.000000 0.000000 0.000000 1.000000
0.999529 0.026406 0.015612 -0.000000 -0.022007 0.971800 -0.234779 10.083500 -0.021372 0.234325 0.971923 -1.000800 0.000000 0.000000 0.000000 1.000000
0.999532 0.026577 0.015173 -0.000000 -0.022248 0.971492 -0.236026 10.083500 -0.021013 0.235578 0.971628 -1.000800 0.000000 0.000000 0.000000 1.000000
0.999630 0.023004 0.014510 0.000000 -0.018876 0.970887 -0.238794 10.083500 -0.019580 0.238432 0.970962 -1.000800 0.000000 0.000000 0.000000 1.000000
0.999756 0.018127 0.012652 0.000000 -0.014510 0.969894 -0.243094 10.083500 -0.016678 0.242851 0.969920 -1.000800 0.000000 0.000000 0.000000 1.000000
0.999895 0.011297 0.009094 0.000000 -0.008688 0.968708 -0.248052 10.083500 -0.011612 0.247946 0.968704 -1.000800 0.000000 0.000000 0.000000 1.000000
0.999989 0.002268 0.004138 0.000000 -0.001152 0.967739 -0.251950 10.083500 -0.004576 0.251943 0.967731 -1.000800 0.000000 0.000000 0.000000 1.000000
0.999963 -0.008549 -0.000900 -0.000000 0.008043 0.967418 -0.253055 10.083500 0.003034 0.253039 0.967451 -1.000800 0.000000 0.000000 0.000000 1.000000
0.999776 -0.020484 -0.005241 0.000000 0.018517 0.967891 -0.250688 10.083500 0.010208 0.250535 0.968054 -1.000800 0.000000 0.000000 0.000000 1.000000
0.999417 -0.032957 -0.008939 -0.000000 0.029755 0.968933 -0.245528 10.083500 0.016753 0.245119 0.969348 -1.000800 0.000000 0.000000 0.000000 1.000000
0.998901 -0.045301 -0.012042 0.000000 0.041110 0.970084 -0.239264 10.083500 0.022520 0.238506 0.970880 -1.000800 0.000000 0.000000 0.000000 1.000000
0.998277 -0.057016 -0.013875 0.000000 0.052196 0.970832 -0.234009 10.083500 0.026812 0.232882 0.972135 -1.000800 0.000000 0.000000 0.000000 1.000000
0.997721 -0.065844 -0.014766 0.000000 0.060667 0.971073 -0.230949 10.083500 0.029546 0.229527 0.972854 -1.000800 0.000000 0.000000 0.000000 1.000000
0.997541 -0.068214 -0.016115 0.000000 0.062692 0.971153 -0.230070 10.083500 0.031344 0.228494 0.973041 -1.000800 0.000000 0.000000 0.000000 1.000000
0.997785 -0.064552 -0.016065 0.000000 0.059087 0.970986 -0.231723 10.083500 0.030557 0.230261 0.972649 -1.000800 0.000000 0.000000 0.000000 1.000000
0.998184 -0.058562 -0.014143 0.000000 0.053598 0.970426 -0.235374 10.083500 0.027508 0.234189 0.971802 -1.000800 0.000000 0.000000 0.000000 1.000000
0.998684 -0.049997 -0.011408 0.000000 0.045807 0.969719 -0.239889 10.083500 0.023056 0.239051 0.970733 -1.000800 0.000000 0.000000 0.000000 1.000000
0.999266 -0.037431 -0.008204 0.000000 0.034306 0.969246 -0.243691 10.083500 0.017074 0.243231 0.969818 -1.000800 0.000000 0.000000 0.000000 1.000000
0.999749 -0.021938 -0.004638 0.000000 0.020134 0.969342 -0.244891 10.083500 0.009868 0.244736 0.969540 -1.000800 0.000000 0.000000 0.000000 1.000000
0.999977 -0.006730 -0.000870 0.000000 0.006318 0.970138 -0.242473 10.083500 0.002476 0.242462 0.970158 -1.000800 0.000000 0.000000 0.000000 1.000000
0.999979 0.006039 0.002513 0.000000 -0.005271 0.971431 -0.237262 10.083500 -0.003874 0.237244 0.971442 -1.000800 0.000000 0.000000 0.000000 1.000000
0.999864 0.015864 0.004469 0.000000 -0.014400 0.972760 -0.231367 10.083500 -0.008018 0.231271 0.972856 -1.000800 0.000000 0.000000 0.000000 1.000000
0.999740 0.022334 0.004612 0.000000 -0.020705 0.973683 -0.226966 10.083500 -0.009559 0.226811 0.973892 -1.000800 0.000000 0.000000 0.000000 1.000000
0.999685 0.024861 0.003437 0.000000 -0.023449 0.974038 -0.225167 10.083500 -0.008946 0.225015 0.974314 -1.000800 0.000000 0.000000 0.000000 1.000000
0.999745 0.022486 0.002204 0.000000 -0.021404 0.973814 -0.226337 10.083500 -0.007235 0.226232 0.974046 -1.000800 0.000000 0.000000 0.000000 1.000000
0.999849 0.017342 0.000758 0.000000 -0.016700 0.972916 -0.230555 10.083500 -0.004735 0.230507 0.973059 -1.000800 0.000000 0.000000 0.000000 1.000000
0.999924 0.012201 -0.001698 0.000000 -0.012256 0.971439 -0.236974 10.083500 -0.001242 0.236977 0.971514 -1.000800 0.000000 0.000000 0.000000 1.000000
0.999979 0.004466 -0.004728 0.000000 -0.005483 0.969888 -0.243488 10.083500 0.003499 0.243509 0.969892 -1.000800 0.000000 0.000000 0.000000 1.000000
0.999953 -0.005378 -0.008039 -0.000000 0.003202 0.968361 -0.249535 10.083500 0.009127 0.249497 0.968332 -1.000800 0.000000 0.000000 0.000000 1.000000
0.999838 -0.014969 -0.010020 0.000000 0.011928 0.967022 -0.254414 10.083500 0.013497 0.254253 0.967044 -1.000800 0.000000 0.000000 0.000000 1.000000
0.999683 -0.022899 -0.010481 0.000000 0.019447 0.966352 -0.256487 10.083500 0.016001 0.256202 0.966491 -1.000800 0.000000 0.000000 0.000000 1.000000
0.999522 -0.029162 -0.010298 0.000000 0.025561 0.966411 -0.255727 10.083500 0.017409 0.255342 0.966694 -1.000800 0.000000 0.000000 0.000000 1.000000
0.999364 -0.034421 -0.009322 0.000000 0.030927 0.966714 -0.253983 10.083500 0.017754 0.253534 0.967164 -1.000800 0.000000 0.000000 0.000000 1.000000
0.999196 -0.039550 -0.006581 0.000000 0.036595 0.966692 -0.253314 10.083500 0.016380 0.252870 0.967362 -1.000800 0.000000 0.000000 0.000000 1.000000
0.999058 -0.043258 -0.003374 0.000000 0.040983 0.966347 -0.253958 10.083500 0.014246 0.253581 0.967209 -1.000800 0.000000 0.000000 0.000000 1.000000
0.999091 -0.042608 -0.001082 0.000000 0.040925 0.966091 -0.254937 10.083500 0.011907 0.254661 0.966957 -1.000800 0.000000 0.000000 0.000000 1.000000
0.999160 -0.040986 0.000547 0.000000 0.039766 0.966016 -0.255404 10.083500 0.009939 0.255211 0.966834 -1.000800 0.000000 0.000000 0.000000 1.000000
0.999011 -0.044365 -0.003092 -0.000000 0.042178 0.967215 -0.250434 10.083500 0.014101 0.250056 0.968129 -1.000800 0.000000 0.000000 0.000000 1.000000</float_array><technique_common><accessor source="#mixamorig_Spine1-Matrix-animation-output-transform-array" count="44" stride="16"><param type="float4x4"/></accessor></technique_common></source><source id="mixamorig_Spine1-Interpolations"><Name_array id="mixamorig_Spine1-Interpolations-array" count="44">
 LINEAR LINEAR LINEAR LINEAR LINEAR LINEAR LINEAR LINEAR LINEAR LINEAR LINEAR
LINEAR LINEAR LINEAR LINEAR LINEAR LINEAR LINEAR LINEAR LINEAR LINEAR LINEAR LINEAR
LINEAR LINEAR LINEAR LINEAR LINEAR LINEAR LINEAR LINEAR LINEAR LINEAR LINEAR LINEAR
LINEAR LINEAR LINEAR LINEAR LINEAR LINEAR LINEAR LINEAR LINEAR</Name_array><technique_common><accessor source="#mixamorig_Spine1-Interpolations-array" count="44"><param type="name"/></accessor></technique_common></source><sampler id="mixamorig_Spine1-Matrix-animation-transform"><input semantic="INPUT" source="#mixamorig_Spine1-Matrix-animation-input"/><input semantic="OUTPUT" source="#mixamorig_Spine1-Matrix-animation-output-transform"/><input semantic="INTERPOLATION" source="#mixamorig_Spine1-Interpolations"/></sampler><channel source="#mixamorig_Spine1-Matrix-animation-transform" target="mixamorig_Spine1/matrix"/></animation>
    <animation id="mixamorig_Spine2-anim" name="mixamorig_Spine2"><source id="mixamorig_Spine2-Matrix-animation-input"><float_array id="mixamorig_Spine2-Matrix-animation-input-array" count="44">

0.000000 0.033333 0.066667 0.100000 0.133333 0.166667 0.200000 0.233333 0.266667 0.300000 0.333333 0.366667 0.400000 0.433333 0.466667 0.500000
0.533333 0.566667 0.600000 0.633333 0.666667 0.700000 0.733333 0.766667 0.800000 0.833333 0.866667 0.900000 0.933333 0.966667 1.000000 1.033333
1.066667 1.100000 1.133333 1.166667 1.200000 1.233333 1.266667 1.300000 1.333333 1.366667 1.400000 1.433333</float_array><technique_common><accessor source="#mixamorig_Spine2-Matrix-animation-input-array" count="44"><param name="TIME" type="float"/></accessor></technique_common></source><source id="mixamorig_Spine2-Matrix-animation-output-transform"><float_array id="mixamorig_Spine2-Matrix-animation-output-transform-array" count="704">

0.999009 -0.044401 -0.003139 0.000000 0.042201 0.967215 -0.250430 9.100000 0.014155 0.250049 0.968130 -1.373400 0.000000 0.000000 0.000000 1.000000
0.999424 -0.033919 -0.000698 0.000000 0.032667 0.967681 -0.250051 9.100000 0.009157 0.249884 0.968232 -1.373400 0.000000 0.000000 0.000000 1.000000
0.999771 -0.021212 0.002734 0.000000 0.021227 0.968483 -0.248174 9.100000 0.002616 0.248175 0.968712 -1.373400 0.000000 0.000000 0.000000 1.000000
0.999949 -0.007691 0.006470 0.000000 0.009042 0.969513 -0.244872 9.100000 -0.004390 0.244919 0.969534 -1.373400 0.000000 0.000000 0.000000 1.000000
0.999936 0.004869 0.010225 0.000000 -0.002265 0.970591 -0.240724 9.100000 -0.011097 0.240685 0.970540 -1.373400 0.000000 0.000000 0.000000 1.000000
0.999795 0.015106 0.013484 0.000000 -0.011480 0.971434 -0.237034 9.100000 -0.016680 0.236830 0.971408 -1.373400 0.000000 0.000000 0.000000 1.000000
0.999631 0.022414 0.015331 0.000000 -0.018186 0.971818 -0.235031 9.100000 -0.020167 0.234666 0.971867 -1.373400 0.000000 0.000000 0.000000 1.000000
0.999529 0.026406 0.015612 0.000000 -0.022007 0.971800 -0.234778 9.100000 -0.021372 0.234324 0.971924 -1.373400 0.000000 0.000000 0.000000 1.000000
0.999532 0.026577 0.015173 -0.000000 -0.022248 0.971492 -0.236026 9.100000 -0.021013 0.235578 0.971628 -1.373400 0.000000 0.000000 0.000000 1.000000
0.999630 0.023004 0.014510 0.000000 -0.018876 0.970887 -0.238794 9.100000 -0.019580 0.238432 0.970962 -1.373400 0.000000 0.000000 0.000000 1.000000
0.999756 0.018127 0.012652 0.000000 -0.014510 0.969894 -0.243094 9.100000 -0.016678 0.242851 0.969920 -1.373400 0.000000 0.000000 0.000000 1.000000
0.999895 0.011297 0.009094 0.000000 -0.008688 0.968708 -0.248052 9.100000 -0.011612 0.247946 0.968704 -1.373400 0.000000 0.000000 0.000000 1.000000
0.999989 0.002268 0.004138 0.000000 -0.001152 0.967739 -0.251951 9.100000 -0.004576 0.251943 0.967731 -1.373400 0.000000 0.000000 0.000000 1.000000
0.999963 -0.008549 -0.000900 0.000000 0.008043 0.967418 -0.253055 9.100000 0.003034 0.253039 0.967451 -1.373400 0.000000 0.000000 0.000000 1.000000
0.999776 -0.020484 -0.005241 0.000000 0.018517 0.967891 -0.250688 9.100000 0.010208 0.250534 0.968054 -1.373400 0.000000 0.000000 0.000000 1.000000
0.999417 -0.032957 -0.008939 0.000000 0.029756 0.968933 -0.245528 9.100000 0.016753 0.245119 0.969348 -1.373400 0.000000 0.000000 0.000000 1.000000
0.998901 -0.045301 -0.012042 0.000000 0.041110 0.970084 -0.239264 9.100000 0.022520 0.238506 0.970880 -1.373400 0.000000 0.000000 0.000000 1.000000
0.998277 -0.057016 -0.013875 -0.000000 0.052196 0.970832 -0.234009 9.100000 0.026813 0.232882 0.972135 -1.373400 0.000000 0.000000 0.000000 1.000000
0.997721 -0.065843 -0.014766 0.000000 0.060667 0.971073 -0.230949 9.100000 0.029546 0.229527 0.972854 -1.373400 0.000000 0.000000 0.000000 1.000000
0.997541 -0.068214 -0.016115 -0.000000 0.062692 0.971153 -0.230070 9.100000 0.031344 0.228494 0.973041 -1.373400 0.000000 0.000000 0.000000 1.000000
0.997785 -0.064552 -0.016065 0.000000 0.059087 0.970986 -0.231723 9.100000 0.030557 0.230261 0.972649 -1.373400 0.000000 0.000000 0.000000 1.000000
0.998184 -0.058561 -0.014143 -0.000000 0.053598 0.970426 -0.235374 9.100000 0.027508 0.234189 0.971802 -1.373400 0.000000 0.000000 0.000000 1.000000
0.998684 -0.049997 -0.011408 0.000000 0.045806 0.969719 -0.239889 9.100000 0.023056 0.239051 0.970733 -1.373400 0.000000 0.000000 0.000000 1.000000
0.999266 -0.037431 -0.008204 0.000000 0.034306 0.969246 -0.243691 9.100000 0.017074 0.243231 0.969818 -1.373400 0.000000 0.000000 0.000000 1.000000
0.999749 -0.021938 -0.004638 0.000000 0.020134 0.969342 -0.244891 9.100000 0.009868 0.244736 0.969540 -1.373400 0.000000 0.000000 0.000000 1.000000
0.999977 -0.006730 -0.000870 0.000000 0.006318 0.970138 -0.242473 9.100000 0.002476 0.242462 0.970158 -1.373400 0.000000 0.000000 0.000000 1.000000
0.999979 0.006039 0.002513 0.000000 -0.005271 0.971431 -0.237262 9.100000 -0.003874 0.237244 0.971442 -1.373400 0.000000 0.000000 0.000000 1.000000
0.999864 0.015864 0.004469 0.000000 -0.014400 0.972760 -0.231367 9.100000 -0.008018 0.231271 0.972856 -1.373400 0.000000 0.000000 0.000000 1.000000
0.999740 0.022334 0.004612 0.000000 -0.020705 0.973683 -0.226966 9.100000 -0.009560 0.226811 0.973892 -1.373400 0.000000 0.000000 0.000000 1.000000
0.999685 0.024861 0.003437 -0.000000 -0.023449 0.974038 -0.225167 9.100000 -0.008946 0.225015 0.974314 -1.373400 0.000000 0.000000 0.000000 1.000000
0.999745 0.022486 0.002204 0.000000 -0.021404 0.973814 -0.226337 9.100000 -0.007235 0.226232 0.974047 -1.373400 0.000000 0.000000 0.000000 1.000000
0.999849 0.017342 0.000757 0.000000 -0.016700 0.972916 -0.230555 9.100000 -0.004735 0.230507 0.973059 -1.373400 0.000000 0.000000 0.000000 1.000000
0.999924 0.012201 -0.001698 -0.000000 -0.012256 0.971439 -0.236975 9.100000 -0.001242 0.236977 0.971514 -1.373400 0.000000 0.000000 0.000000 1.000000
0.999979 0.004466 -0.004728 0.000000 -0.005483 0.969888 -0.243488 9.100000 0.003499 0.243509 0.969892 -1.373400 0.000000 0.000000 0.000000 1.000000
0.999953 -0.005378 -0.008039 0.000000 0.003202 0.968360 -0.249535 9.100000 0.009127 0.249498 0.968332 -1.373400 0.000000 0.000000 0.000000 1.000000
0.999838 -0.014969 -0.010020 0.000000 0.011928 0.967022 -0.254414 9.100000 0.013498 0.254253 0.967043 -1.373400 0.000000 0.000000 0.000000 1.000000
0.999683 -0.022899 -0.010480 -0.000000 0.019447 0.966352 -0.256487 9.100000 0.016001 0.256202 0.966491 -1.373400 0.000000 0.000000 0.000000 1.000000
0.999522 -0.029162 -0.010298 0.000000 0.025561 0.966411 -0.255728 9.100000 0.017409 0.255342 0.966694 -1.373400 0.000000 0.000000 0.000000 1.000000
0.999364 -0.034420 -0.009322 -0.000000 0.030927 0.966714 -0.253983 9.100000 0.017754 0.253534 0.967164 -1.373400 0.000000 0.000000 0.000000 1.000000
0.999196 -0.039550 -0.006581 0.000000 0.036595 0.966692 -0.253314 9.100000 0.016380 0.252870 0.967362 -1.373400 0.000000 0.000000 0.000000 1.000000
0.999058 -0.043258 -0.003374 0.000000 0.040983 0.966347 -0.253958 9.100000 0.014246 0.253580 0.967209 -1.373400 0.000000 0.000000 0.000000 1.000000
0.999091 -0.042608 -0.001082 -0.000000 0.040925 0.966091 -0.254937 9.100000 0.011907 0.254661 0.966957 -1.373400 0.000000 0.000000 0.000000 1.000000
0.999160 -0.040986 0.000547 0.000000 0.039766 0.966016 -0.255404 9.100000 0.009939 0.255211 0.966834 -1.373400 0.000000 0.000000 0.000000 1.000000
0.999011 -0.044365 -0.003092 0.000000 0.042178 0.967214 -0.250434 9.100000 0.014101 0.250056 0.968129 -1.373400 0.000000 0.000000 0.000000 1.000000</float_array><technique_common><accessor source="#mixamorig_Spine2-Matrix-animation-output-transform-array" count="44" stride="16"><param type="float4x4"/></accessor></technique_common></source><source id="mixamorig_Spine2-Interpolations"><Name_array id="mixamorig_Spine2-Interpolations-array" count="44">
 LINEAR LINEAR LINEAR LINEAR LINEAR LINEAR LINEAR LINEAR LINEAR LINEAR LINEAR
LINEAR LINEAR LINEAR LINEAR LINEAR LINEAR LINEAR LINEAR LINEAR LINEAR LINEAR LINEAR
LINEAR LINEAR LINEAR LINEAR LINEAR LINEAR LINEAR LINEAR LINEAR LINEAR LINEAR LINEAR
LINEAR LINEAR LINEAR LINEAR LINEAR LINEAR LINEAR LINEAR LINEAR</Name_array><technique_common><accessor source="#mixamorig_Spine2-Interpolations-array" count="44"><param type="name"/></accessor></technique_common></source><sampler id="mixamorig_Spine2-Matrix-animation-transform"><input semantic="INPUT" source="#mixamorig_Spine2-Matrix-animation-input"/><input semantic="OUTPUT" source="#mixamorig_Spine2-Matrix-animation-output-transform"/><input semantic="INTERPOLATION" source="#mixamorig_Spine2-Interpolations"/></sampler><channel source="#mixamorig_Spine2-Matrix-animation-transform" target="mixamorig_Spine2/matrix"/></animation>
    <animation id="mixamorig_Neck-anim" name="mixamorig_Neck"><source id="mixamorig_Neck-Matrix-animation-input"><float_array id="mixamorig_Neck-Matrix-animation-input-array" count="44">

0.000000 0.033333 0.066667 0.100000 0.133333 0.166667 0.200000 0.233333 0.266667 0.300000 0.333333 0.366667 0.400000 0.433333 0.466667 0.500000
0.533333 0.566667 0.600000 0.633333 0.666667 0.700000 0.733333 0.766667 0.800000 0.833333 0.866667 0.900000 0.933333 0.966667 1.000000 1.033333
1.066667 1.100000 1.133333 1.166667 1.200000 1.233333 1.266667 1.300000 1.333333 1.366667 1.400000 1.433333</float_array><technique_common><accessor source="#mixamorig_Neck-Matrix-animation-input-array" count="44"><param name="TIME" type="float"/></accessor></technique_common></source><source id="mixamorig_Neck-Matrix-animation-output-transform"><float_array id="mixamorig_Neck-Matrix-animation-output-transform-array" count="704">

0.991791 0.050490 0.117480 -0.000000 -0.055545 0.997649 0.040153 16.671700 -0.115176 -0.046349 0.992263 -2.516200 0.000000 0.000000 0.000000 1.000000
0.991348 0.059075 0.117217 0.000000 -0.064183 0.997125 0.040290 16.671700 -0.114500 -0.047465 0.992289 -2.516200 0.000000 0.000000 0.000000 1.000000
0.990660 0.070244 0.116867 -0.000000 -0.075343 0.996363 0.039795 16.671700 -0.113646 -0.048228 0.992350 -2.516200 0.000000 0.000000 0.000000 1.000000
0.989768 0.082430 0.116465 0.000000 -0.087430 0.995427 0.038484 16.671700 -0.112761 -0.048273 0.992449 -2.516200 0.000000 0.000000 0.000000 1.000000
0.988835 0.093434 0.116086 0.000000 -0.098241 0.994497 0.036391 16.671700 -0.112047 -0.047389 0.992572 -2.516200 0.000000 0.000000 0.000000 1.000000
0.988116 0.101065 0.115811 -0.000000 -0.105620 0.993830 0.033872 16.671700 -0.111673 -0.045702 0.992694 -2.516200 0.000000 0.000000 0.000000 1.000000
0.987842 0.103829 0.115706 -0.000000 -0.108144 0.993632 0.031643 16.671700 -0.111684 -0.043771 0.992779 -2.516200 0.000000 0.000000 0.000000 1.000000
0.988059 0.101352 0.116048 0.000000 -0.105552 0.993942 0.030623 16.671700 -0.112242 -0.042506 0.992771 -2.516200 0.000000 0.000000 0.000000 1.000000
0.988718 0.094330 0.116354 -0.000000 -0.098631 0.994617 0.031765 16.671700 -0.112731 -0.042883 0.992700 -2.516200 0.000000 0.000000 0.000000 1.000000
0.989605 0.084065 0.116685 0.000000 -0.088758 0.995416 0.035612 16.671700 -0.113156 -0.045599 0.992530 -2.516200 0.000000 0.000000 0.000000 1.000000
0.990631 0.070185 0.117151 0.000000 -0.075600 0.996235 0.042430 16.671700 -0.113732 -0.050889 0.992207 -2.516200 0.000000 0.000000 0.000000 1.000000
0.991564 0.054128 0.117774 0.000000 -0.060559 0.996823 0.051731 16.671700 -0.114600 -0.058427 0.991692 -2.516200 0.000000 0.000000 0.000000 1.000000
0.992243 0.037467 0.118530 0.000000 -0.045118 0.997022 0.062541 16.671700 -0.115834 -0.067404 0.990979 -2.516200 0.000000 0.000000 0.000000 1.000000
0.992614 0.021772 0.119349 -0.000000 -0.030707 0.996819 0.073544 16.671700 -0.117368 -0.076666 0.990125 -2.516200 0.000000 0.000000 0.000000 1.000000
0.992723 0.008614 0.120113 0.000000 -0.018722 0.996350 0.083281 16.671700 -0.118957 -0.084923 0.989261 -2.516200 0.000000 0.000000 0.000000 1.000000
0.992692 -0.000433 0.120674 -0.000000 -0.010560 0.995846 0.090437 16.671700 -0.120212 -0.091050 0.988564 -2.516200 0.000000 0.000000 0.000000 1.000000
0.992658 -0.003796 0.120893 0.000000 -0.007662 0.995527 0.094170 16.671700 -0.120710 -0.094405 0.988189 -2.516200 0.000000 0.000000 0.000000 1.000000
0.992660 -0.005557 0.120808 0.000000 -0.005990 0.995458 0.095012 16.671700 -0.120787 -0.095039 0.988118 -2.516200 0.000000 0.000000 0.000000 1.000000
0.992734 -0.001833 0.120314 0.000000 -0.009455 0.995604 0.093189 16.671700 -0.119956 -0.093650 0.988352 -2.516200 0.000000 0.000000 0.000000 1.000000
0.992816 0.006230 0.119490 -0.000000 -0.017065 0.995807 0.089876 16.671700 -0.118429 -0.091270 0.988759 -2.516200 0.000000 0.000000 0.000000 1.000000
0.992815 0.016696 0.118492 0.000000 -0.027045 0.995903 0.086283 16.671700 -0.116566 -0.088868 0.989199 -2.516200 0.000000 0.000000 0.000000 1.000000
0.992689 0.027602 0.117506 0.000000 -0.037547 0.995819 0.083274 16.671700 -0.114716 -0.087077 0.989575 -2.516200 0.000000 0.000000 0.000000 1.000000
0.992458 0.037605 0.116673 0.000000 -0.047258 0.995584 0.081107 16.671700 -0.113108 -0.086009 0.989853 -2.516200 0.000000 0.000000 0.000000 1.000000
0.992176 0.045985 0.116074 0.000000 -0.055432 0.995291 0.079519 16.671700 -0.111871 -0.085331 0.990052 -2.516200 0.000000 0.000000 0.000000 1.000000
0.991903 0.052265 0.115748 -0.000000 -0.061541 0.995047 0.078070 16.671700 -0.111095 -0.084561 0.990206 -2.516200 0.000000 0.000000 0.000000 1.000000
0.991706 0.055973 0.115702 0.000000 -0.065064 0.994956 0.076344 16.671700 -0.110845 -0.083239 0.990346 -2.516200 0.000000 0.000000 0.000000 1.000000
